version 1
nodes
  0 "Bone01"  -1
  1 "Bone02"   0
  2 "Bone03"   1
  3 "Bone04"   2
end
skeleton
time 0
  0 -0.040838 -0.000002 -1.682096 0.000000 0.000000 0.000000
  1 0.000000 0.000000 1.765211 0.000000 -0.052360 0.000000
  2 0.000000 0.000000 8.355333 0.000000 -0.052360 0.000000
  3 -0.117681 0.000000 8.119972 0.000000 0.043633 0.000000
end
triangles
mdl/water_branch_01.png
  0 -0.010838 -54.280000 0.937904 1.000000 0.000000 0.000000 0.0005 0.9995
  0 -36.280840 -54.280000 38.187900 0.707100 0.000000 -0.707100 0.9995 0.9995
  0 -0.010838 -4.630002 0.937904 0.707100 0.000000 -0.707100 0.0005 0.0005
mdl/water_branch_01.png
  0 -36.280840 -4.630002 38.187900 1.000000 0.000000 0.000000 0.9995 0.0005
  0 -0.010838 -4.630002 0.937904 0.707100 0.000000 -0.707100 0.0005 0.0005
  0 -36.280840 -54.280000 38.187900 0.707100 0.000000 -0.707100 0.9995 0.9995
mdl/water_branch_01.png
  0 0.069163 -77.210000 1.047904 0.000000 0.000000 1.000000 0.0005 0.9995
  0 6.659163 -77.210000 50.897910 0.000000 -1.000000 0.000000 0.9995 0.9995
  0 0.069163 -19.290000 1.047904 0.000000 -1.000000 0.000000 0.0005 0.0005
mdl/water_branch_01.png
  0 6.659163 -19.290000 50.897910 1.000000 0.000000 0.000000 0.9995 0.0005
  0 0.069163 -19.290000 1.047904 0.000000 -1.000000 0.000000 0.0005 0.0005
  0 6.659163 -77.210000 50.897910 0.000000 -1.000000 0.000000 0.9995 0.9995
mdl/water_branch_01.png
  0 -0.010838 -4.630002 0.937904 0.707100 0.000000 -0.707100 0.0005 0.0005
  0 -36.280840 -54.280000 38.187900 0.707100 0.000000 -0.707100 0.9995 0.9995
  0 -0.010838 -54.280000 0.937904 1.000000 0.000000 0.000000 0.0005 0.9995
mdl/water_branch_01.png
  0 -36.280840 -54.280000 38.187900 0.707100 0.000000 -0.707100 0.9995 0.9995
  0 -0.010838 -4.630002 0.937904 0.707100 0.000000 -0.707100 0.0005 0.0005
  0 -36.280840 -4.630002 38.187900 1.000000 0.000000 0.000000 0.9995 0.0005
mdl/water_branch_01.png
  0 0.069163 -19.290000 1.047904 0.000000 -1.000000 0.000000 0.0005 0.0005
  0 6.659163 -77.210000 50.897910 0.000000 -1.000000 0.000000 0.9995 0.9995
  0 0.069163 -77.210000 1.047904 0.000000 0.000000 1.000000 0.0005 0.9995
mdl/water_branch_01.png
  0 6.659163 -77.210000 50.897910 0.000000 -1.000000 0.000000 0.9995 0.9995
  0 0.069163 -19.290000 1.047904 0.000000 -1.000000 0.000000 0.0005 0.0005
  0 6.659163 -19.290000 50.897910 1.000000 0.000000 0.000000 0.9995 0.0005
mdl/water_branch_02.png
  0 0.119163 -53.380000 1.017905 -1.000000 0.000000 0.000000 0.0005 0.5032
  0 -39.170840 -86.100000 -15.552100 1.000000 0.000000 0.000000 0.4113 1.0419
  0 -29.260840 -77.960000 26.007900 -1.000000 0.000000 0.000000 0.9703 0.4949
mdl/water_branch_02.png
  0 0.119163 -53.380000 1.017905 -1.000000 0.000000 0.000000 0.0005 0.5032
  0 -29.260840 -77.960000 26.007900 -1.000000 0.000000 0.000000 0.9703 0.4949
  0 15.349160 -86.130000 31.307910 -1.000000 0.000000 0.000000 0.4409 -0.0402
mdl/water_branch_02.png
  0 0.159163 -69.700000 0.917904 1.000000 0.000000 0.000000 0.0005 0.5032
  0 -7.650837 -95.110000 28.227910 1.000000 0.000000 0.000000 0.4113 1.0419
  0 27.749160 -88.790000 17.917900 1.000000 0.000000 0.000000 0.9703 0.4949
mdl/water_branch_02.png
  0 0.159163 -69.700000 0.917904 1.000000 0.000000 0.000000 0.0005 0.5032
  0 27.749160 -88.790000 17.917900 1.000000 0.000000 0.000000 0.9703 0.4949
  0 24.529160 -95.130000 -11.842100 1.000000 0.000000 0.000000 0.4409 -0.0402
mdl/water_branch_02.png
  0 -29.260840 -77.960000 26.007900 -1.000000 0.000000 0.000000 0.9703 0.4949
  0 -39.170840 -86.100000 -15.552100 1.000000 0.000000 0.000000 0.4113 1.0419
  0 0.119163 -53.380000 1.017905 -1.000000 0.000000 0.000000 0.0005 0.5032
mdl/water_branch_02.png
  0 15.349160 -86.130000 31.307910 -1.000000 0.000000 0.000000 0.4409 -0.0402
  0 -29.260840 -77.960000 26.007900 -1.000000 0.000000 0.000000 0.9703 0.4949
  0 0.119163 -53.380000 1.017905 -1.000000 0.000000 0.000000 0.0005 0.5032
mdl/water_branch_02.png
  0 27.749160 -88.790000 17.917900 1.000000 0.000000 0.000000 0.9703 0.4949
  0 -7.650837 -95.110000 28.227910 1.000000 0.000000 0.000000 0.4113 1.0419
  0 0.159163 -69.700000 0.917904 1.000000 0.000000 0.000000 0.0005 0.5032
mdl/water_branch_02.png
  0 24.529160 -95.130000 -11.842100 1.000000 0.000000 0.000000 0.4409 -0.0402
  0 27.749160 -88.790000 17.917900 1.000000 0.000000 0.000000 0.9703 0.4949
  0 0.159163 -69.700000 0.917904 1.000000 0.000000 0.000000 0.0005 0.5032
mdl/water_branch_02.png
  0 0.099163 -7.870001 1.017905 0.468500 0.624700 -0.624700 0.0005 0.5032
  0 -34.280840 -41.430000 -24.102100 0.000000 0.000000 -1.000000 0.4113 1.0419
  0 -37.220840 -33.080000 18.717900 0.468500 0.624700 -0.624700 0.9703 0.4949
mdl/water_branch_02.png
  0 0.099163 -7.870001 1.017905 0.468500 0.624700 -0.624700 0.0005 0.5032
  0 -37.220840 -33.080000 18.717900 0.468500 0.624700 -0.624700 0.9703 0.4949
  0 6.019163 -41.460000 34.047900 1.000000 0.000000 0.000000 0.4409 -0.0402
mdl/water_branch_02.png
  0 -37.220840 -33.080000 18.717900 0.468500 0.624700 -0.624700 0.9703 0.4949
  0 -34.280840 -41.430000 -24.102100 0.000000 0.000000 -1.000000 0.4113 1.0419
  0 0.099163 -7.870001 1.017905 0.468500 0.624700 -0.624700 0.0005 0.5032
mdl/water_branch_02.png
  0 6.019163 -41.460000 34.047900 1.000000 0.000000 0.000000 0.4409 -0.0402
  0 -37.220840 -33.080000 18.717900 0.468500 0.624700 -0.624700 0.9703 0.4949
  0 0.099163 -7.870001 1.017905 0.468500 0.624700 -0.624700 0.0005 0.5032
mdl/water_branch_02.png
  0 -0.020838 -27.940000 1.247905 1.000000 0.000000 0.000000 0.0005 0.5032
  0 2.379163 -56.140000 36.967910 1.000000 0.000000 0.000000 0.4113 1.0419
  0 31.529160 -49.130000 15.717900 1.000000 0.000000 0.000000 0.9703 0.4949
mdl/water_branch_02.png
  0 -0.020838 -27.940000 1.247905 1.000000 0.000000 0.000000 0.0005 0.5032
  0 31.529160 -49.130000 15.717900 1.000000 0.000000 0.000000 0.9703 0.4949
  0 18.039160 -56.170000 -20.392090 1.000000 0.000000 0.000000 0.4409 -0.0402
mdl/water_branch_02.png
  0 31.529160 -49.130000 15.717900 1.000000 0.000000 0.000000 0.9703 0.4949
  0 2.379163 -56.140000 36.967910 1.000000 0.000000 0.000000 0.4113 1.0419
  0 -0.020838 -27.940000 1.247905 1.000000 0.000000 0.000000 0.0005 0.5032
mdl/water_branch_02.png
  0 18.039160 -56.170000 -20.392090 1.000000 0.000000 0.000000 0.4409 -0.0402
  0 31.529160 -49.130000 15.717900 1.000000 0.000000 0.000000 0.9703 0.4949
  0 -0.020838 -27.940000 1.247905 1.000000 0.000000 0.000000 0.0005 0.5032
mdl/japanese_tree_bark_02.png
  0 1.529163 -2.250001 6.877905 0.165800 0.979000 -0.118200 0.0327 0.5552
  0 3.099163 -1.630002 2.597905 -0.245800 0.881700 0.402800 0.123 0.3569
  0 -0.040838 -2.500001 2.597905 0.288400 0.918300 0.271200 -0.0576 0.3569
mdl/japanese_tree_bark_02.png
  0 -1.610838 -0.000002 6.877905 0.682900 0.711400 -0.166100 -0.1479 0.5552
  0 1.529163 -2.250001 6.877905 0.165800 0.979000 -0.118200 0.0327 0.5552
  0 -0.040838 -2.500001 2.597905 0.288400 0.918300 0.271200 -0.0576 0.3569
mdl/japanese_tree_bark_02.png
  0 -3.580837 1.979998 2.597905 0.783700 0.618400 0.058100 -0.2613 0.3569
  0 -1.610838 -0.000002 6.877905 0.682900 0.711400 -0.166100 -0.1479 0.5552
  0 -0.040838 -2.500001 2.597905 0.288400 0.918300 0.271200 -0.0576 0.3569
mdl/japanese_tree_bark_02.png
  0 -1.610838 0.729999 -1.412096 0.291700 0.796600 0.529500 -0.1479 0.171
  0 -3.580837 1.979998 2.597905 0.783700 0.618400 0.058100 -0.2613 0.3569
  0 -0.040838 -2.500001 2.597905 0.288400 0.918300 0.271200 -0.0576 0.3569
mdl/japanese_tree_bark_02.png
  0 1.529163 2.099998 -1.412096 -0.244400 0.682100 0.689200 0.0327 0.171
  0 -1.610838 0.729999 -1.412096 0.291700 0.796600 0.529500 -0.1479 0.171
  0 -0.040838 -2.500001 2.597905 0.288400 0.918300 0.271200 -0.0576 0.3569
mdl/japanese_tree_bark_02.png
  0 3.099163 -1.630002 2.597905 -0.245800 0.881700 0.402800 0.123 0.3569
  0 1.529163 2.099998 -1.412096 -0.244400 0.682100 0.689200 0.0327 0.171
  0 -0.040838 -2.500001 2.597905 0.288400 0.918300 0.271200 -0.0576 0.3569
mdl/japanese_tree_bark_02.png
  0 3.119163 -24.910000 4.617905 0.549000 -0.055800 0.834000 0.6928 0.338
  0 4.689163 -24.910000 1.177904 0.998500 -0.053700 0.010400 0.9758 0.338
  0 3.099163 -1.630002 2.597905 0.984900 0.053100 0.164900 0.9826 0.0472
mdl/japanese_tree_bark_02.png
  0 1.529163 -2.250001 6.877905 0.347800 -0.065300 0.935300 0.6997 0.055
  0 3.119163 -24.910000 4.617905 0.549000 -0.055800 0.834000 0.6928 0.338
  0 3.099163 -1.630002 2.597905 0.984900 0.053100 0.164900 0.9826 0.0472
mdl/japanese_tree_bark_02.png
  0 -0.020838 -24.910000 4.617905 -0.506200 -0.025600 0.862000 0.3321 0.338
  0 3.119163 -24.910000 4.617905 0.549000 -0.055800 0.834000 0.6928 0.338
  0 1.529163 -2.250001 6.877905 0.347800 -0.065300 0.935300 0.6997 0.055
mdl/japanese_tree_bark_02.png
  0 -1.610838 -0.000002 6.877905 -0.698400 -0.101800 0.708500 0.339 0.0268
  0 -0.020838 -24.910000 4.617905 -0.506200 -0.025600 0.862000 0.3321 0.338
  0 1.529163 -2.250001 6.877905 0.347800 -0.065300 0.935300 0.6997 0.055
mdl/japanese_tree_bark_02.png
  0 -1.980838 -24.910000 1.177904 -0.999300 0.026500 -0.028200 0.0309 0.338
  0 -0.020838 -24.910000 4.617905 -0.506200 -0.025600 0.862000 0.3321 0.338
  0 -1.610838 -0.000002 6.877905 -0.698400 -0.101800 0.708500 0.339 0.0268
mdl/japanese_tree_bark_02.png
  0 -3.580837 1.979998 2.597905 -0.971500 -0.053800 -0.230800 0.0298 0.0021
  0 -1.980838 -24.910000 1.177904 -0.999300 0.026500 -0.028200 0.0309 0.338
  0 -1.610838 -0.000002 6.877905 -0.698400 -0.101800 0.708500 0.339 0.0268
mdl/japanese_tree_bark_02.png
  0 -0.020838 -24.910000 -1.542096 -0.480200 0.016900 -0.877000 0.3321 0.338
  0 -1.980838 -24.910000 1.177904 -0.999300 0.026500 -0.028200 0.0309 0.338
  0 -3.580837 1.979998 2.597905 -0.971500 -0.053800 -0.230800 0.0298 0.0021
mdl/japanese_tree_bark_02.png
  0 -1.610838 0.729999 -1.412096 -0.349300 -0.017000 -0.936800 0.339 0.0177
  0 -0.020838 -24.910000 -1.542096 -0.480200 0.016900 -0.877000 0.3321 0.338
  0 -3.580837 1.979998 2.597905 -0.971500 -0.053800 -0.230800 0.0298 0.0021
mdl/japanese_tree_bark_02.png
  0 3.119163 -24.910000 -1.542096 0.519000 -0.043400 -0.853700 0.6928 0.338
  0 -0.020838 -24.910000 -1.542096 -0.480200 0.016900 -0.877000 0.3321 0.338
  0 -1.610838 0.729999 -1.412096 -0.349300 -0.017000 -0.936800 0.339 0.0177
mdl/japanese_tree_bark_02.png
  0 1.529163 2.099998 -1.412096 0.710000 0.055200 -0.702100 0.6997 0.0005
  0 3.119163 -24.910000 -1.542096 0.519000 -0.043400 -0.853700 0.6928 0.338
  0 -1.610838 0.729999 -1.412096 -0.349300 -0.017000 -0.936800 0.339 0.0177
mdl/japanese_tree_bark_02.png
  0 4.689163 -24.910000 1.177904 0.998500 -0.053700 0.010400 0.9758 0.338
  0 3.119163 -24.910000 -1.542096 0.519000 -0.043400 -0.853700 0.6928 0.338
  0 1.529163 2.099998 -1.412096 0.710000 0.055200 -0.702100 0.6997 0.0005
mdl/japanese_tree_bark_02.png
  0 3.099163 -1.630002 2.597905 0.984900 0.053100 0.164900 0.9826 0.0472
  0 4.689163 -24.910000 1.177904 0.998500 -0.053700 0.010400 0.9758 0.338
  0 1.529163 2.099998 -1.412096 0.710000 0.055200 -0.702100 0.6997 0.0005
mdl/japanese_tree_bark_02.png
  0 -0.940838 -49.830000 3.567904 0.509900 -0.089600 0.855500 0.6927 0.6492
  0 0.349163 -49.830000 1.457905 0.995500 -0.070100 0.063200 0.9787 0.6492
  0 4.689163 -24.910000 1.177904 0.998500 -0.053700 0.010400 0.9758 0.338
mdl/japanese_tree_bark_02.png
  0 3.119163 -24.910000 4.617905 0.549000 -0.055800 0.834000 0.6928 0.338
  0 -0.940838 -49.830000 3.567904 0.509900 -0.089600 0.855500 0.6927 0.6492
  0 4.689163 -24.910000 1.177904 0.998500 -0.053700 0.010400 0.9758 0.338
mdl/japanese_tree_bark_02.png
  0 -3.540838 -49.830000 3.567904 -0.506200 -0.025600 0.862000 0.3339 0.6492
  0 -0.940838 -49.830000 3.567904 0.509900 -0.089600 0.855500 0.6927 0.6492
  0 3.119163 -24.910000 4.617905 0.549000 -0.055800 0.834000 0.6928 0.338
mdl/japanese_tree_bark_02.png
  0 -0.020838 -24.910000 4.617905 -0.506200 -0.025600 0.862000 0.3321 0.338
  0 -3.540838 -49.830000 3.567904 -0.506200 -0.025600 0.862000 0.3339 0.6492
  0 3.119163 -24.910000 4.617905 0.549000 -0.055800 0.834000 0.6928 0.338
mdl/japanese_tree_bark_02.png
  0 -4.830837 -49.830000 1.457905 -0.997000 0.014000 0.076700 0.0242 0.6492
  0 -3.540838 -49.830000 3.567904 -0.506200 -0.025600 0.862000 0.3339 0.6492
  0 -0.020838 -24.910000 4.617905 -0.506200 -0.025600 0.862000 0.3321 0.338
mdl/japanese_tree_bark_02.png
  0 -1.980838 -24.910000 1.177904 -0.999300 0.026500 -0.028200 0.0309 0.338
  0 -4.830837 -49.830000 1.457905 -0.997000 0.014000 0.076700 0.0242 0.6492
  0 -0.020838 -24.910000 4.617905 -0.506200 -0.025600 0.862000 0.3321 0.338
mdl/japanese_tree_bark_02.png
  0 -3.540838 -49.830000 -1.922096 -0.525800 0.028500 -0.850200 0.3339 0.6492
  0 -4.830837 -49.830000 1.457905 -0.997000 0.014000 0.076700 0.0242 0.6492
  0 -1.980838 -24.910000 1.177904 -0.999300 0.026500 -0.028200 0.0309 0.338
mdl/japanese_tree_bark_02.png
  0 -0.020838 -24.910000 -1.542096 -0.480200 0.016900 -0.877000 0.3321 0.338
  0 -3.540838 -49.830000 -1.922096 -0.525800 0.028500 -0.850200 0.3339 0.6492
  0 -1.980838 -24.910000 1.177904 -0.999300 0.026500 -0.028200 0.0309 0.338
mdl/japanese_tree_bark_02.png
  0 -0.940838 -49.830000 -1.922096 0.540800 -0.008400 -0.841100 0.6927 0.6492
  0 -3.540838 -49.830000 -1.922096 -0.525800 0.028500 -0.850200 0.3339 0.6492
  0 -0.020838 -24.910000 -1.542096 -0.480200 0.016900 -0.877000 0.3321 0.338
mdl/japanese_tree_bark_02.png
  0 3.119163 -24.910000 -1.542096 0.519000 -0.043400 -0.853700 0.6928 0.338
  0 -0.940838 -49.830000 -1.922096 0.540800 -0.008400 -0.841100 0.6927 0.6492
  0 -0.020838 -24.910000 -1.542096 -0.480200 0.016900 -0.877000 0.3321 0.338
mdl/japanese_tree_bark_02.png
  0 0.349163 -49.830000 1.457905 0.995500 -0.070100 0.063200 0.9787 0.6492
  0 -0.940838 -49.830000 -1.922096 0.540800 -0.008400 -0.841100 0.6927 0.6492
  0 3.119163 -24.910000 -1.542096 0.519000 -0.043400 -0.853700 0.6928 0.338
mdl/japanese_tree_bark_02.png
  0 4.689163 -24.910000 1.177904 0.998500 -0.053700 0.010400 0.9758 0.338
  0 0.349163 -49.830000 1.457905 0.995500 -0.070100 0.063200 0.9787 0.6492
  0 3.119163 -24.910000 -1.542096 0.519000 -0.043400 -0.853700 0.6928 0.338
mdl/japanese_tree_bark_02.png
  0 0.329163 -74.750000 1.887904 0.660900 -0.017900 0.750200 0.701 0.9603
  0 1.319162 -75.620000 0.177905 0.989700 0.035300 -0.138700 0.9782 0.9712
  0 0.349163 -49.830000 1.457905 0.995500 -0.070100 0.063200 0.9787 0.6492
mdl/japanese_tree_bark_02.png
  0 -0.940838 -49.830000 3.567904 0.509900 -0.089600 0.855500 0.6927 0.6492
  0 0.329163 -74.750000 1.887904 0.660900 -0.017900 0.750200 0.701 0.9603
  0 0.349163 -49.830000 1.457905 0.995500 -0.070100 0.063200 0.9787 0.6492
mdl/japanese_tree_bark_02.png
  0 -1.630838 -76.500000 1.887904 -0.327600 -0.085100 0.941000 0.3361 0.9822
  0 0.329163 -74.750000 1.887904 0.660900 -0.017900 0.750200 0.701 0.9603
  0 -0.940838 -49.830000 3.567904 0.509900 -0.089600 0.855500 0.6927 0.6492
mdl/japanese_tree_bark_02.png
  0 -3.540838 -49.830000 3.567904 -0.506200 -0.025600 0.862000 0.3339 0.6492
  0 -1.630838 -76.500000 1.887904 -0.327600 -0.085100 0.941000 0.3361 0.9822
  0 -0.940838 -49.830000 3.567904 0.509900 -0.089600 0.855500 0.6927 0.6492
mdl/japanese_tree_bark_02.png
  0 -2.620837 -74.750000 0.177905 -0.976300 -0.092900 0.195500 0.0195 0.9603
  0 -1.630838 -76.500000 1.887904 -0.327600 -0.085100 0.941000 0.3361 0.9822
  0 -3.540838 -49.830000 3.567904 -0.506200 -0.025600 0.862000 0.3339 0.6492
mdl/japanese_tree_bark_02.png
  0 -4.830837 -49.830000 1.457905 -0.997000 0.014000 0.076700 0.0242 0.6492
  0 -2.620837 -74.750000 0.177905 -0.976300 -0.092900 0.195500 0.0195 0.9603
  0 -3.540838 -49.830000 3.567904 -0.506200 -0.025600 0.862000 0.3339 0.6492
mdl/japanese_tree_bark_02.png
  0 -1.630838 -77.890000 -1.542096 -0.717400 -0.055200 -0.694500 0.3361 0.9995
  0 -2.620837 -74.750000 0.177905 -0.976300 -0.092900 0.195500 0.0195 0.9603
  0 -4.830837 -49.830000 1.457905 -0.997000 0.014000 0.076700 0.0242 0.6492
mdl/japanese_tree_bark_02.png
  0 -3.540838 -49.830000 -1.922096 -0.525800 0.028500 -0.850200 0.3339 0.6492
  0 -1.630838 -77.890000 -1.542096 -0.717400 -0.055200 -0.694500 0.3361 0.9995
  0 -4.830837 -49.830000 1.457905 -0.997000 0.014000 0.076700 0.0242 0.6492
mdl/japanese_tree_bark_02.png
  0 0.329163 -76.500000 -1.542096 0.326300 0.002100 -0.945300 0.701 0.9822
  0 -1.630838 -77.890000 -1.542096 -0.717400 -0.055200 -0.694500 0.3361 0.9995
  0 -3.540838 -49.830000 -1.922096 -0.525800 0.028500 -0.850200 0.3339 0.6492
mdl/japanese_tree_bark_02.png
  0 -0.940838 -49.830000 -1.922096 0.540800 -0.008400 -0.841100 0.6927 0.6492
  0 0.329163 -76.500000 -1.542096 0.326300 0.002100 -0.945300 0.701 0.9822
  0 -3.540838 -49.830000 -1.922096 -0.525800 0.028500 -0.850200 0.3339 0.6492
mdl/japanese_tree_bark_02.png
  0 1.319162 -75.620000 0.177905 0.989700 0.035300 -0.138700 0.9782 0.9712
  0 0.329163 -76.500000 -1.542096 0.326300 0.002100 -0.945300 0.701 0.9822
  0 -0.940838 -49.830000 -1.922096 0.540800 -0.008400 -0.841100 0.6927 0.6492
mdl/japanese_tree_bark_02.png
  0 0.349163 -49.830000 1.457905 0.995500 -0.070100 0.063200 0.9787 0.6492
  0 1.319162 -75.620000 0.177905 0.989700 0.035300 -0.138700 0.9782 0.9712
  0 -0.940838 -49.830000 -1.922096 0.540800 -0.008400 -0.841100 0.6927 0.6492
mdl/japanese_tree_bark_02.png
  0 1.319162 -75.620000 0.177905 -0.859800 -0.450300 0.240600 0.9782 0.9712
  0 0.329163 -74.750000 1.887904 -0.135900 -0.888800 -0.437700 0.701 0.9603
  0 -0.640838 -72.840000 -1.682096 -0.114200 -0.926000 0.359800 0.4396 0.9365
mdl/japanese_tree_bark_02.png
  0 0.329163 -74.750000 1.887904 -0.135900 -0.888800 -0.437700 0.701 0.9603
  0 -1.630838 -76.500000 1.887904 0.301500 -0.706400 -0.640300 0.3361 0.9822
  0 -0.640838 -72.840000 -1.682096 -0.114200 -0.926000 0.359800 0.4396 0.9365
mdl/japanese_tree_bark_02.png
  0 -1.630838 -76.500000 1.887904 0.301500 -0.706400 -0.640300 0.3361 0.9822
  0 -2.620837 -74.750000 0.177905 0.668900 -0.741600 -0.051000 0.0195 0.9603
  0 -0.640838 -72.840000 -1.682096 -0.114200 -0.926000 0.359800 0.4396 0.9365
mdl/japanese_tree_bark_02.png
  0 -2.620837 -74.750000 0.177905 0.668900 -0.741600 -0.051000 0.0195 0.9603
  0 -1.630838 -77.890000 -1.542096 0.396800 -0.050400 0.916500 0.3361 0.9995
  0 -0.640838 -72.840000 -1.682096 -0.114200 -0.926000 0.359800 0.4396 0.9365
mdl/japanese_tree_bark_02.png
  0 -1.630838 -77.890000 -1.542096 0.396800 -0.050400 0.916500 0.3361 0.9995
  0 0.329163 -76.500000 -1.542096 -0.466000 -0.089700 0.880200 0.701 0.9822
  0 -0.640838 -72.840000 -1.682096 -0.114200 -0.926000 0.359800 0.4396 0.9365
mdl/japanese_tree_bark_02.png
  0 0.329163 -76.500000 -1.542096 -0.466000 -0.089700 0.880200 0.701 0.9822
  0 1.319162 -75.620000 0.177905 -0.859800 -0.450300 0.240600 0.9782 0.9712
  0 -0.640838 -72.840000 -1.682096 -0.114200 -0.926000 0.359800 0.4396 0.9365
end
