version 1
nodes
  0 "Bone01"  -1
  1 "Bone02"   0
  2 "Bone03"   1
  3 "Bone04"   2
  4 "Bone05"   3
  5 "Bone07"   1
  6 "Bone08"   5
  7 "Bone10"   1
  8 "Bone11"   7
end
skeleton
time 0
  0 1.919621 -0.000692 0.660159 0.000000 0.000000 0.000000
  1 -1.071896 -0.011150 0.346941 0.000000 0.000000 0.000000
  2 -1.639877 0.000000 -0.040960 0.000000 0.000000 0.000000
  3 -1.638312 -0.011150 -0.051648 0.000000 0.000000 0.000000
  4 -0.797647 0.011150 -0.093838 0.000000 0.000000 0.000000
  5 -0.409935 0.518855 -0.519675 0.000000 0.000000 0.000000
  6 -0.116213 0.870265 -0.243170 0.000000 0.000000 0.000000
  7 -0.409768 -0.542118 -0.505953 0.000000 0.000000 0.000000
  8 -0.112793 -0.814942 -0.259420 0.000000 0.000000 0.000000
end
triangles
mdl/orange_koi.png
  2 -2.402153 0.208158 0.936141 -0.208700 0.978000 0.003500 0.821 0.48
  2 -2.402153 -0.021842 1.266141 -0.214800 0.715400 0.664900 0.821 0.6726
  1 -0.802275 -0.001842 1.727100 -0.176400 -0.164300 0.970500 0.5019 0.7082
mdl/orange_koi.png
  1 -0.802275 -0.001842 1.727100 -0.176400 -0.164300 0.970500 0.5019 0.7082
  2 -2.402153 -0.021842 1.266141 -0.214800 0.715400 0.664900 0.821 0.6726
  2 -2.402153 -0.251842 0.936141 -0.179700 -0.983700 -0.001900 0.821 0.48
mdl/orange_koi.png
  1 -0.792275 -0.001842 0.257101 -0.142200 0.002600 -0.989800 0.5047 0.203
  1 -0.792275 0.608158 0.967100 -0.118200 0.980300 0.158100 0.5024 0.4767
  0 0.859621 0.699308 0.980159 0.069400 0.986400 -0.148700 0.2546 0.4765
mdl/orange_koi.png
  0 0.849621 -0.000692 0.100159 0.073000 0.014900 -0.997200 0.2573 0.195
  0 0.859621 0.699308 0.980159 0.069400 0.986400 -0.148700 0.2546 0.4765
  0 2.229620 0.329308 0.690159 0.470300 0.882400 -0.013100 0.049 0.486
mdl/orange_koi.png
  1 -0.802275 -0.001842 1.727100 -0.176400 -0.164300 0.970500 0.5019 0.7082
  2 -2.402153 -0.021842 1.266141 -0.214800 0.715400 0.664900 0.821 0.6739
  1 -0.802275 -0.001842 1.727100 1.000000 0.000000 0.000000 0.5022 0.8189
mdl/orange_koi.png
  1 -0.802275 -0.001842 1.727100 1.000000 0.000000 0.000000 0.5022 0.8189
  2 -2.402153 -0.021842 1.266141 -0.214800 0.715400 0.664900 0.821 0.6739
  1 -0.802275 -0.001842 1.727100 -0.176400 -0.164300 0.970500 0.5019 0.7082
mdl/orange_koi.png
  0 2.529621 -0.010692 0.660159 0.998800 0.024800 -0.041500 0.0045 0.4684
  0 2.229620 -0.000692 1.040159 0.646000 0.025300 0.762900 0.048 0.6541
  0 2.229620 -0.370692 0.690159 0.481400 -0.876300 -0.016200 0.049 0.486
mdl/orange_koi.png
  0 0.859621 -0.000692 1.740159 0.259800 0.173600 0.949900 0.2528 0.7587
  1 -0.802275 -0.001842 1.727100 -0.176400 -0.164300 0.970500 0.5019 0.7082
  1 -0.802275 -0.001842 1.727100 1.000000 0.000000 0.000000 0.5022 0.8189
mdl/orange_koi.png
  0 2.229620 0.329308 0.690159 0.470300 0.882400 -0.013100 0.049 0.486
  0 0.859621 0.699308 0.980159 0.069400 0.986400 -0.148700 0.2546 0.4765
  0 0.859621 -0.000692 1.740159 0.259800 0.173600 0.949900 0.2528 0.7587
mdl/orange_koi.png
  0 2.229620 0.329308 0.690159 0.470300 0.882400 -0.013100 0.049 0.486
  0 2.229620 -0.000692 1.040159 0.646000 0.025300 0.762900 0.048 0.6541
  0 2.529621 -0.010692 0.660159 0.998800 0.024800 -0.041500 0.0045 0.4684
mdl/orange_koi.png
  1 -0.792275 -0.611842 0.967100 -0.138900 -0.990100 -0.020800 0.5024 0.4767
  2 -2.402153 -0.251842 0.936141 -0.179700 -0.983700 -0.001900 0.821 0.48
  1 -0.792275 -0.001842 0.257101 -0.142200 0.002600 -0.989800 0.5047 0.203
mdl/orange_koi.png
  0 0.859621 -0.710692 0.980159 0.048100 -0.998800 0.012200 0.2546 0.4765
  1 -0.792275 -0.611842 0.967100 -0.138900 -0.990100 -0.020800 0.5024 0.4767
  1 -0.792275 -0.001842 0.257101 -0.142200 0.002600 -0.989800 0.5047 0.203
mdl/orange_koi.png
  2 -2.402153 -0.021842 0.556141 -0.144400 0.746200 -0.649800 0.821 0.3264
  2 -2.402153 0.208158 0.936141 -0.208700 0.978000 0.003500 0.821 0.48
  1 -0.792275 -0.001842 0.257101 -0.142200 0.002600 -0.989800 0.5047 0.203
mdl/orange_koi.png
  1 -0.802275 -0.001842 1.727100 1.000000 0.000000 0.000000 0.5022 0.8189
  1 -0.802275 -0.001842 1.727100 -0.176400 -0.164300 0.970500 0.5019 0.7082
  0 0.859621 -0.000692 1.740159 0.259800 0.173600 0.949900 0.2528 0.7587
mdl/orange_koi.png
  0 0.859621 -0.000692 1.740159 0.259800 0.173600 0.949900 0.2528 0.7587
  1 -0.802275 -0.001842 1.727100 1.000000 0.000000 0.000000 0.5022 0.8189
  0 0.859621 -0.000692 1.740159 1.000000 0.000000 0.000000 0.2534 0.8751
mdl/orange_koi.png
  3 -3.460464 -0.022992 0.864492 -0.220500 -0.975400 0.004300 0.9571 0.4864
  3 -4.100464 -0.022992 -0.065508 -0.017900 -0.979200 -0.202200 0.9981 0.2742
  2 -2.402153 -0.251842 0.936141 -0.018200 -0.999800 0.011600 0.8152 0.4722
mdl/orange_koi.png
  0 0.859621 -0.000692 1.740159 0.259800 0.173600 0.949900 0.2528 0.7587
  1 -0.802275 -0.001842 1.727100 -0.176400 -0.164300 0.970500 0.5019 0.7082
  0 0.859621 -0.710692 0.980159 0.048100 -0.998800 0.012200 0.2546 0.4765
mdl/orange_koi.png
  1 -0.802275 -0.001842 1.727100 -0.176400 -0.164300 0.970500 0.5019 0.7082
  2 -2.402153 -0.251842 0.936141 -0.179700 -0.983700 -0.001900 0.821 0.48
  1 -0.792275 -0.611842 0.967100 -0.138900 -0.990100 -0.020800 0.5024 0.4767
mdl/orange_koi.png
  0 2.229620 -0.000692 0.360159 0.482800 0.026400 -0.875300 0.05 0.3539
  0 2.229620 0.329308 0.690159 0.470300 0.882400 -0.013100 0.049 0.486
  0 2.529621 -0.010692 0.660159 0.998800 0.024800 -0.041500 0.0045 0.4684
mdl/orange_koi.png
  0 0.859621 -0.710692 0.980159 0.048100 -0.998800 0.012200 0.2546 0.4765
  1 -0.792275 -0.001842 0.257101 -0.142200 0.002600 -0.989800 0.5047 0.203
  0 0.849621 -0.000692 0.100159 0.073000 0.014900 -0.997200 0.2573 0.195
mdl/orange_koi.png
  1 -0.792275 0.608158 0.967100 -0.118200 0.980300 0.158100 0.5024 0.4767
  1 -0.802275 -0.001842 1.727100 -0.176400 -0.164300 0.970500 0.5019 0.7082
  0 0.859621 -0.000692 1.740159 0.259800 0.173600 0.949900 0.2528 0.7587
mdl/orange_koi.png
  1 -0.792275 0.608158 0.967100 -0.118200 0.980300 0.158100 0.5024 0.4767
  2 -2.402153 0.208158 0.936141 -0.208700 0.978000 0.003500 0.821 0.48
  1 -0.802275 -0.001842 1.727100 -0.176400 -0.164300 0.970500 0.5019 0.7082
mdl/orange_koi.png
  1 -0.802275 -0.001842 1.727100 -0.176400 -0.164300 0.970500 0.5019 0.7082
  1 -0.792275 -0.611842 0.967100 -0.138900 -0.990100 -0.020800 0.5024 0.4767
  0 0.859621 -0.710692 0.980159 0.048100 -0.998800 0.012200 0.2546 0.4765
mdl/orange_koi.png
  0 0.859621 0.699308 0.980159 0.069400 0.986400 -0.148700 0.2546 0.4765
  1 -0.792275 0.608158 0.967100 -0.118200 0.980300 0.158100 0.5024 0.4767
  0 0.859621 -0.000692 1.740159 0.259800 0.173600 0.949900 0.2528 0.7587
mdl/orange_koi.png
  0 2.229620 -0.000692 0.360159 0.482800 0.026400 -0.875300 0.05 0.3539
  0 0.849621 -0.000692 0.100159 0.073000 0.014900 -0.997200 0.2573 0.195
  0 2.229620 0.329308 0.690159 0.470300 0.882400 -0.013100 0.049 0.486
mdl/orange_koi.png
  0 0.859621 -0.000692 1.740159 1.000000 0.000000 0.000000 0.2534 0.8751
  1 -0.802275 -0.001842 1.727100 1.000000 0.000000 0.000000 0.5022 0.8189
  0 0.859621 -0.000692 1.740159 0.259800 0.173600 0.949900 0.2528 0.7587
mdl/orange_koi.png
  0 2.229620 0.329308 0.690159 0.470300 0.882400 -0.013100 0.049 0.486
  0 0.859621 -0.000692 1.740159 0.259800 0.173600 0.949900 0.2528 0.7587
  0 2.229620 -0.000692 1.040159 0.646000 0.025300 0.762900 0.048 0.6541
mdl/orange_koi.png
  0 2.229620 -0.000692 1.040159 0.646000 0.025300 0.762900 0.048 0.6541
  0 0.859621 -0.000692 1.740159 0.259800 0.173600 0.949900 0.2528 0.7587
  0 0.859621 -0.000692 1.740159 1.000000 0.000000 0.000000 0.2534 0.8751
mdl/orange_koi.png
  0 2.229620 -0.370692 0.690159 0.481400 -0.876300 -0.016200 0.049 0.486
  0 0.859621 -0.710692 0.980159 0.048100 -0.998800 0.012200 0.2546 0.4765
  0 0.849621 -0.000692 0.100159 0.073000 0.014900 -0.997200 0.2573 0.195
mdl/orange_koi.png
  2 -2.402153 -0.021842 1.266141 0.176600 -0.810400 0.558600 0.8257 0.6791
  3 -4.140464 -0.022992 1.814492 -0.017700 -0.974100 0.225300 0.9871 0.8725
  2 -2.402153 -0.251842 0.936141 -0.018200 -0.999800 0.011600 0.8257 0.6791
mdl/orange_koi.png
  3 -4.100464 -0.022992 -0.065508 0.000000 1.000000 0.000000 0.9981 0.2742
  3 -3.460464 -0.022992 0.864492 -0.101600 0.994800 0.006800 0.9571 0.4864
  2 -2.402153 -0.021842 0.556141 -0.144400 0.746200 -0.649800 0.8152 0.4722
mdl/orange_koi.png
  2 -2.402153 0.208158 0.936141 -0.208700 0.978000 0.003500 0.8152 0.4722
  3 -3.460464 -0.022992 0.864492 -0.101600 0.994800 0.006800 0.9571 0.4864
  2 -2.402153 -0.021842 1.266141 -0.214800 0.715400 0.664900 0.8257 0.6791
mdl/orange_koi.png
  0 0.859621 -0.000692 1.740159 1.000000 0.000000 0.000000 0.2534 0.8751
  0 0.859621 -0.000692 1.740159 0.259800 0.173600 0.949900 0.2528 0.7587
  0 2.229620 -0.000692 1.040159 0.646000 0.025300 0.762900 0.048 0.6541
mdl/orange_koi.png
  0 2.229620 -0.000692 1.040159 0.646000 0.025300 0.762900 0.048 0.6541
  0 0.859621 -0.000692 1.740159 0.259800 0.173600 0.949900 0.2528 0.7587
  0 2.229620 -0.370692 0.690159 0.481400 -0.876300 -0.016200 0.049 0.486
mdl/orange_koi.png
  0 0.849621 -0.000692 0.100159 0.073000 0.014900 -0.997200 0.2573 0.195
  1 -0.792275 -0.001842 0.257101 -0.142200 0.002600 -0.989800 0.5047 0.203
  0 0.859621 0.699308 0.980159 0.069400 0.986400 -0.148700 0.2546 0.4765
mdl/orange_koi.png
  2 -2.402153 -0.251842 0.936141 -0.179700 -0.983700 -0.001900 0.821 0.48
  2 -2.402153 -0.021842 0.556141 -0.144400 0.746200 -0.649800 0.821 0.48
  1 -0.792275 -0.001842 0.257101 -0.142200 0.002600 -0.989800 0.5047 0.203
mdl/orange_koi.png
  0 2.229620 -0.370692 0.690159 0.481400 -0.876300 -0.016200 0.049 0.486
  0 2.229620 -0.000692 0.360159 0.482800 0.026400 -0.875300 0.05 0.3539
  0 2.529621 -0.010692 0.660159 0.998800 0.024800 -0.041500 0.0045 0.4684
mdl/orange_koi.png
  0 2.229620 -0.370692 0.690159 0.481400 -0.876300 -0.016200 0.049 0.486
  0 0.849621 -0.000692 0.100159 0.073000 0.014900 -0.997200 0.2573 0.195
  0 2.229620 -0.000692 0.360159 0.482800 0.026400 -0.875300 0.05 0.3539
mdl/orange_koi.png
  0 0.859621 -0.000692 1.740159 0.259800 0.173600 0.949900 0.2528 0.7587
  0 0.859621 -0.710692 0.980159 0.048100 -0.998800 0.012200 0.2546 0.4765
  0 2.229620 -0.370692 0.690159 0.481400 -0.876300 -0.016200 0.049 0.486
mdl/orange_koi.png
  2 -2.402153 -0.021842 0.556141 -0.144400 0.746200 -0.649800 0.8152 0.4722
  3 -3.460464 -0.022992 0.864492 -0.101600 0.994800 0.006800 0.9571 0.4864
  2 -2.402153 0.208158 0.936141 -0.208700 0.978000 0.003500 0.8152 0.4722
mdl/orange_koi.png
  2 -2.402153 -0.251842 0.936141 -0.018200 -0.999800 0.011600 0.8152 0.4722
  3 -4.100464 -0.022992 -0.065508 -0.017900 -0.979200 -0.202200 0.9981 0.2742
  2 -2.402153 -0.021842 0.556141 0.194300 -0.828300 -0.525600 0.9867 0.0344
mdl/orange_koi.png
  1 -0.792275 -0.001842 0.257101 -0.142200 0.002600 -0.989800 0.5047 0.203
  2 -2.402153 0.208158 0.936141 -0.208700 0.978000 0.003500 0.821 0.48
  1 -0.792275 0.608158 0.967100 -0.118200 0.980300 0.158100 0.5024 0.4767
mdl/orange_koi.png
  3 -3.460464 -0.022992 0.864492 -0.101600 0.994800 0.006800 0.9571 0.4864
  3 -4.140464 -0.022992 1.814492 0.000000 1.000000 0.000000 0.9871 0.8725
  2 -2.402153 -0.021842 1.266141 -0.214800 0.715400 0.664900 0.8257 0.6791
mdl/orange_koi.png
  3 -4.140464 -0.022992 1.814492 -0.017700 -0.974100 0.225300 0.9871 0.8725
  3 -3.460464 -0.022992 0.864492 -0.220500 -0.975400 0.004300 0.9571 0.4864
  2 -2.402153 -0.251842 0.936141 -0.018200 -0.999800 0.011600 0.8152 0.4722
mdl/orange_koi.png
  2 -1.292152 -0.001842 0.386141 -0.018200 -0.999800 0.011600 0.835 0.8579
  2 -2.062152 -0.001842 0.516141 -0.018200 -0.999800 0.011600 0.834 0.9965
  2 -2.172153 -0.001842 -0.103859 -0.018200 -0.999800 0.011600 0.8027 0.8254
mdl/orange_koi.png
  1 0.097725 -0.001842 0.217100 0.000000 -1.000000 0.000000 0.78 0.8728
  1 -0.242275 -0.001842 0.257101 0.000000 -1.000000 0.000000 0.7749 0.9823
  1 -0.672275 -0.001842 -0.412900 0.000000 -1.000000 0.000000 0.8235 0.8966
mdl/orange_koi.png
  0 1.039621 -0.000692 0.140159 0.000000 -1.000000 0.000000 0.7511 0.9581
  1 0.547725 -0.001842 0.097100 0.000000 -1.000000 0.000000 0.8294 0.9946
  1 0.377725 -0.001842 -0.402900 0.000000 -1.000000 0.000000 0.8285 0.7549
mdl/orange_koi.png
  2 -2.172153 -0.001842 -0.103859 0.000000 1.000000 0.000000 0.8027 0.8254
  2 -2.062152 -0.001842 0.516141 0.000000 1.000000 0.000000 0.834 0.9965
  2 -1.292152 -0.001842 0.386141 0.000000 1.000000 0.000000 0.835 0.8579
mdl/orange_koi.png
  1 -0.672275 -0.001842 -0.412900 0.000000 1.000000 0.000000 0.8235 0.8966
  1 -0.242275 -0.001842 0.257101 0.000000 1.000000 0.000000 0.7749 0.9823
  1 0.097725 -0.001842 0.217100 0.000000 1.000000 0.000000 0.78 0.8728
mdl/orange_koi.png
  1 0.377725 -0.001842 -0.402900 0.000000 1.000000 0.000000 0.8285 0.7549
  1 0.547725 -0.001842 0.097100 0.000000 1.000000 0.000000 0.8294 0.9946
  0 1.039621 -0.000692 0.140159 0.000000 1.000000 0.000000 0.7511 0.9581
mdl/orange_koi.png
  7 0.327957 -1.473960 0.261147 0.053400 -0.253300 0.965900 0.8276 0.7488
  0 0.859621 -0.370692 0.520159 0.053400 -0.253300 0.965900 0.7511 0.9581
  1 0.017725 -0.441842 0.547100 0.053400 -0.253300 0.965900 0.8294 0.9946
mdl/orange_koi.png
  7 0.327957 -1.473960 0.261147 -0.053400 0.253300 -0.965900 0.8276 0.7488
  1 0.017725 -0.441842 0.547100 -0.053400 0.253300 -0.965900 0.8294 0.9946
  0 0.859621 -0.370692 0.520159 -0.053400 0.253300 -0.965900 0.7511 0.9581
mdl/orange_koi.png
  0 0.859621 0.349308 0.520159 0.044800 0.244600 0.968600 0.7511 0.9581
  5 0.317790 1.477014 0.257425 0.044800 0.244600 0.968600 0.8276 0.7488
  1 0.007725 0.398158 0.547100 0.044800 0.244600 0.968600 0.8294 0.9946
mdl/orange_koi.png
  1 0.007725 0.398158 0.547100 -0.044800 -0.244600 -0.968600 0.8294 0.9946
  5 0.317790 1.477014 0.257425 -0.044800 -0.244600 -0.968600 0.8276 0.7488
  0 0.859621 0.349308 0.520159 -0.044800 -0.244600 -0.968600 0.7511 0.9581
mdl/orange_koi.png
  2 -1.732152 -0.001842 1.686141 -0.018200 -0.999800 0.011600 0.6717 0.8696
  2 -1.592152 -0.001842 1.446141 -0.018200 -0.999800 0.011600 0.6218 0.8957
  1 0.157725 -0.001842 2.387100 0.000000 -1.000000 0.000000 0.5517 0.9805
mdl/orange_koi.png
  2 -1.592152 -0.001842 1.446141 -0.018200 -0.999800 0.011600 0.6218 0.8957
  0 0.859621 -0.000692 1.740159 0.000000 -1.000000 0.000000 0.5104 0.9549
  1 0.157725 -0.001842 2.387100 0.000000 -1.000000 0.000000 0.5517 0.9805
mdl/orange_koi.png
  1 0.157725 -0.001842 2.387100 0.000000 1.000000 0.000000 0.5517 0.9805
  2 -1.592152 -0.001842 1.446141 0.000000 1.000000 0.000000 0.6218 0.8957
  2 -1.732152 -0.001842 1.686141 0.000000 1.000000 0.000000 0.6717 0.8696
mdl/orange_koi.png
  1 0.157725 -0.001842 2.387100 0.000000 1.000000 0.000000 0.5517 0.9805
  0 0.859621 -0.000692 1.740159 0.000000 1.000000 0.000000 0.5104 0.9549
  2 -1.592152 -0.001842 1.446141 0.000000 1.000000 0.000000 0.6218 0.8957
end
