version 1
nodes
  0 "Bone01"  -1
  1 "Bone02"   0
  2 "Bone03"   1
  3 "Bone04"   2
  4 "Bone05"   3
  5 "Bone07"   1
  6 "Bone08"   5
  7 "Bone10"   1
  8 "Bone11"   7
end
skeleton
time 0
  0 1.919621 -0.000692 0.660159 0.000000 0.000000 0.000000
  1 -1.071896 -0.011150 0.346941 0.000000 0.000000 0.000000
  2 -1.639877 0.000000 -0.040960 0.000000 0.000000 0.000000
  3 -1.638312 -0.011150 -0.051648 0.000000 0.000000 0.000000
  4 -0.797647 0.011150 -0.093838 0.000000 0.000000 0.000000
  5 -0.409935 0.518855 -0.519675 0.000000 0.000000 0.000000
  6 -0.116213 0.870265 -0.243170 0.000000 0.000000 0.000000
  7 -0.409768 -0.542118 -0.505953 0.000000 0.000000 0.000000
  8 -0.112793 -0.814942 -0.259420 0.000000 0.000000 0.000000
end
triangles
mdl/orange_koi.png
  2 -2.912152 -0.021842 0.666141 -0.409100 0.003500 -0.912500 0.884 0.2775
  2 -2.912152 -0.021842 1.156141 -0.393800 0.003700 0.919200 0.8849 0.6791
  0 0.859621 0.699308 0.980159 0.056500 0.998200 0.017700 0.2546 0.4765
mdl/orange_koi.png
  0 0.849621 -0.000692 0.100159 0.088300 0.004300 -0.996100 0.2573 0.195
  0 0.859621 0.699308 0.980159 0.056500 0.998200 0.017700 0.2546 0.4765
  0 2.529621 -0.010692 0.660159 0.999800 0.007600 0.019000 -0.0072 0.486
mdl/orange_koi.png
  0 2.529621 -0.010692 0.660159 0.999800 0.007600 0.019000 -0.0072 0.486
  0 0.859621 0.699308 0.980159 0.056500 0.998200 0.017700 0.2546 0.4765
  0 0.859621 -0.000692 1.740159 0.224800 0.004300 0.974400 0.2528 0.7587
mdl/orange_koi.png
  0 0.859621 -0.710692 0.980159 0.057900 -0.998200 0.017600 0.2546 0.4765
  2 -2.912152 -0.021842 1.156141 -0.393800 0.003700 0.919200 0.8849 0.6791
  2 -2.912152 -0.021842 0.666141 -0.409100 0.003500 -0.912500 0.884 0.2775
mdl/orange_koi.png
  0 0.859621 -0.000692 1.740159 0.224800 0.004300 0.974400 0.2528 0.7587
  2 -2.912152 -0.021842 1.156141 -0.393800 0.003700 0.919200 0.8849 0.6791
  0 0.859621 -0.000692 1.740159 0.999800 0.007600 0.019000 0.2534 0.8751
mdl/orange_koi.png
  0 0.859621 -0.000692 1.740159 0.224800 0.004300 0.974400 0.2528 0.7587
  2 -2.912152 -0.021842 1.156141 -0.393800 0.003700 0.919200 0.8849 0.6791
  0 0.859621 -0.710692 0.980159 0.057900 -0.998200 0.017600 0.2546 0.4765
mdl/orange_koi.png
  0 0.859621 -0.710692 0.980159 0.057900 -0.998200 0.017600 0.2546 0.4765
  2 -2.912152 -0.021842 0.666141 -0.409100 0.003500 -0.912500 0.884 0.2775
  0 0.849621 -0.000692 0.100159 0.088300 0.004300 -0.996100 0.2573 0.195
mdl/orange_koi.png
  0 0.859621 0.699308 0.980159 0.056500 0.998200 0.017700 0.2546 0.4765
  2 -2.912152 -0.021842 1.156141 -0.393800 0.003700 0.919200 0.8849 0.6791
  0 0.859621 -0.000692 1.740159 0.224800 0.004300 0.974400 0.2528 0.7587
mdl/orange_koi.png
  0 0.859621 -0.000692 1.740159 0.999800 0.007600 0.019000 0.2534 0.8751
  2 -2.912152 -0.021842 1.156141 -0.393800 0.003700 0.919200 0.8849 0.6791
  0 0.859621 -0.000692 1.740159 0.224800 0.004300 0.974400 0.2528 0.7587
mdl/orange_koi.png
  0 2.529621 -0.010692 0.660159 0.999800 0.007600 0.019000 -0.0072 0.486
  0 0.859621 -0.000692 1.740159 0.224800 0.004300 0.974400 0.2528 0.7587
  0 0.859621 -0.000692 1.740159 0.999800 0.007600 0.019000 0.2534 0.8751
mdl/orange_koi.png
  0 2.529621 -0.010692 0.660159 0.999800 0.007600 0.019000 -0.0072 0.486
  0 0.859621 -0.710692 0.980159 0.057900 -0.998200 0.017600 0.2546 0.4765
  0 0.849621 -0.000692 0.100159 0.088300 0.004300 -0.996100 0.2573 0.195
mdl/orange_koi.png
  0 0.859621 -0.000692 1.740159 0.999800 0.007600 0.019000 0.2534 0.8751
  0 0.859621 -0.000692 1.740159 0.224800 0.004300 0.974400 0.2528 0.7587
  0 2.529621 -0.010692 0.660159 0.999800 0.007600 0.019000 -0.0072 0.486
mdl/orange_koi.png
  0 0.849621 -0.000692 0.100159 0.088300 0.004300 -0.996100 0.2573 0.195
  2 -2.912152 -0.021842 0.666141 -0.409100 0.003500 -0.912500 0.884 0.2775
  0 0.859621 0.699308 0.980159 0.056500 0.998200 0.017700 0.2546 0.4765
mdl/orange_koi.png
  0 0.859621 -0.000692 1.740159 0.224800 0.004300 0.974400 0.2528 0.7587
  0 0.859621 -0.710692 0.980159 0.057900 -0.998200 0.017600 0.2546 0.4765
  0 2.529621 -0.010692 0.660159 0.999800 0.007600 0.019000 -0.0072 0.486
mdl/orange_koi.png
  2 -1.732152 -0.001842 1.686141 0.000000 -1.000000 0.000000 0.6717 0.8696
  2 -1.592152 -0.001842 1.326141 0.000000 -1.000000 0.000000 0.6218 0.8957
  0 0.159621 -0.000692 2.380159 0.000000 -1.000000 0.000000 0.5517 0.9805
mdl/orange_koi.png
  2 -1.592152 -0.001842 1.326141 0.000000 -1.000000 0.000000 0.6218 0.8957
  0 0.859621 -0.000692 1.740159 0.000000 -1.000000 0.000000 0.5104 0.9549
  0 0.159621 -0.000692 2.380159 0.000000 -1.000000 0.000000 0.5517 0.9805
mdl/orange_koi.png
  0 0.159621 -0.000692 2.380159 0.000000 1.000000 0.000000 0.5517 0.9805
  2 -1.592152 -0.001842 1.326141 0.000000 1.000000 0.000000 0.6218 0.8957
  2 -1.732152 -0.001842 1.686141 0.000000 1.000000 0.000000 0.6717 0.8696
mdl/orange_koi.png
  0 0.159621 -0.000692 2.380159 0.000000 1.000000 0.000000 0.5517 0.9805
  0 0.859621 -0.000692 1.740159 0.000000 1.000000 0.000000 0.5104 0.9549
  2 -1.592152 -0.001842 1.326141 0.000000 1.000000 0.000000 0.6218 0.8957
mdl/orange_koi.png
  3 -3.460464 -0.022992 0.864492 0.000000 -1.000000 0.000000 0.9571 0.4864
  3 -4.100464 -0.022992 -0.065508 0.000000 -1.000000 0.000000 0.9981 0.2742
  2 -2.402153 -0.021842 0.926141 0.000000 -1.000000 0.000000 0.8152 0.4722
mdl/orange_koi.png
  3 -4.100464 -0.022992 -0.065508 0.000000 1.000000 0.000000 0.9981 0.2742
  3 -3.460464 -0.022992 0.864492 0.000000 1.000000 0.000000 0.9571 0.4864
  2 -2.402153 -0.021842 0.926141 0.000000 1.000000 0.000000 0.8152 0.4722
mdl/orange_koi.png
  3 -3.460464 -0.022992 0.864492 0.000000 1.000000 0.000000 0.9571 0.4864
  3 -4.140464 -0.022992 1.814492 0.000000 1.000000 0.000000 0.9871 0.8725
  2 -2.402153 -0.021842 0.926141 0.000000 1.000000 0.000000 0.8257 0.6791
mdl/orange_koi.png
  3 -4.140464 -0.022992 1.814492 0.000000 -1.000000 0.000000 0.9871 0.8725
  3 -3.460464 -0.022992 0.864492 0.000000 -1.000000 0.000000 0.9571 0.4864
  2 -2.402153 -0.021842 0.926141 0.000000 -1.000000 0.000000 0.8152 0.4722
end
