version 1
nodes
  0 "Bip01"  -1
  1 "Bip01 Pelvis"   0
  2 "Bip01 Spine"   1
  3 "Bip01 L Thigh"   2
  4 "Bip01 L Calf"   3
  5 "Bip01 L Foot"   4
  6 "Bip01 L Toe0"   5
  7 "Bip01 R Thigh"   2
  8 "Bip01 R Calf"   7
  9 "Bip01 R Foot"   8
 10 "Bip01 R Toe0"   9
 11 "Bip01 Spine1"   2
 12 "Bip01 Spine2"  11
 13 "Bip01 Spine3"  12
 14 "Bip01 Neck"  13
 15 "Bip01 Head"  14
 16 "Bone09"  15
 17 "Bone13"  15
 18 "Bone11"  15
 19 "Bone01"  15
 20 "Bone05"  15
 21 "Bone07"  15
 22 "Bone03"  15
 23 "Bone17"  15
 24 "Bone15"  15
 25 "Bone19"  15
 26 "Bone21"  15
 27 "Bone22"  26
 28 "Bone23"  27
 29 "Bone26"  26
 30 "Bone27"  29
 31 "Bone39"  15
 32 "Bone30"  31
 33 "Bone31"  32
 34 "Bone32"  33
 35 "Bone35"  32
 36 "Bone36"  35
 37 "Bip01 L Clavicle"  14
 38 "Bip01 L UpperArm"  37
 39 "Bip01 L Forearm"  38
 40 "Bip01 L Hand"  39
 41 "Bip01 L Finger0"  40
 42 "Bip01 L Finger01"  41
 43 "Bip01 L Finger02"  42
 44 "Bip01 L Finger1"  40
 45 "Bip01 L Finger11"  44
 46 "Bip01 L Finger12"  45
 47 "Bip01 L Finger2"  40
 48 "Bip01 L Finger21"  47
 49 "Bip01 L Finger22"  48
 50 "Bip01 L Finger3"  40
 51 "Bip01 L Finger31"  50
 52 "Bip01 L Finger32"  51
 53 "Bip01 L Finger4"  40
 54 "Bip01 L Finger41"  53
 55 "Bip01 L Finger42"  54
 56 "Bip01 R Clavicle"  14
 57 "Bip01 R UpperArm"  56
 58 "Bip01 R Forearm"  57
 59 "Bip01 R Hand"  58
 60 "Bip01 R Finger0"  59
 61 "Bip01 R Finger01"  60
 62 "Bip01 R Finger02"  61
 63 "Bip01 R Finger1"  59
 64 "Bip01 R Finger11"  63
 65 "Bip01 R Finger12"  64
 66 "Bip01 R Finger2"  59
 67 "Bip01 R Finger21"  66
 68 "Bip01 R Finger22"  67
 69 "Bip01 R Finger3"  59
 70 "Bip01 R Finger31"  69
 71 "Bip01 R Finger32"  70
 72 "Bip01 R Finger4"  59
 73 "Bip01 R Finger41"  72
 74 "Bip01 R Finger42"  73
end
skeleton
time 0
  0 -0.000296 -0.778569 43.890250 0.000000 0.000000 -1.570795
  1 -0.406707 0.000000 0.000000 -1.570795 -1.570451 0.000000
  2 2.559818 0.680413 0.000002 -0.000004 -0.000001 0.000796
  3 -2.560359 -0.678383 3.626493 -0.030177 -3.081585 -0.053728
  4 20.929030 0.000000 0.000000 0.000000 0.000000 -0.153892
  5 18.620900 0.000000 0.000001 -0.080084 -0.058297 0.099082
  6 4.555087 4.427464 0.000000 0.000000 0.000000 1.570796
  7 -2.560359 -0.678363 -3.626495 0.030172 3.081585 -0.053728
  8 20.929030 0.000000 0.000000 0.000000 0.000000 -0.153892
  9 18.620900 0.000000 0.000000 0.080085 0.058297 0.099082
 10 4.555087 4.427464 0.000000 0.000000 0.000000 1.570796
 11 4.137343 -0.003341 0.000000 0.000000 0.000000 -0.017453
 12 4.196051 -0.003607 0.000000 0.000000 0.000000 -0.008727
 13 4.530084 -0.003806 0.000000 0.000000 0.000000 -0.026180
 14 4.782099 -0.001462 0.000000 0.000000 -0.000001 0.383972
 15 1.979605 -0.000001 0.000000 0.000000 0.000000 -0.122971
 16 4.580501 2.624020 -1.383849 2.932154 -1.570796 0.000000
 17 4.495845 2.642012 -0.000110 2.932154 -1.570796 0.000000
 18 4.580502 2.624016 1.389433 2.932154 -1.570796 0.000000
 19 3.655668 2.225107 -1.075908 2.932154 -1.570796 0.000000
 20 3.640401 2.485337 -0.271979 2.932154 -1.570796 0.000000
 21 3.640401 2.485337 0.267092 2.914701 -1.570796 0.000000
 22 3.655674 2.225131 1.045138 2.932154 -1.570796 0.000000
 23 2.632837 1.770014 -1.752966 2.932154 -1.570796 0.000000
 24 2.134341 2.045923 -0.000111 2.932154 -1.570796 0.000000
 25 2.632913 1.769994 1.691647 2.932154 -1.570796 0.000000
 26 1.527589 4.123503 -0.012508 2.932154 -1.570796 0.000000
 27 -0.387522 0.090845 0.047180 0.000000 0.000000 0.000000
 28 -0.380782 0.285895 -0.116226 0.000000 0.000000 0.000000
 29 0.411110 0.090845 0.043808 0.000000 0.000000 0.000000
 30 0.370673 0.285895 -0.106117 0.000000 0.000000 0.000000
 31 1.362205 1.047364 0.000297 2.932154 -1.570796 0.000000
 32 -0.002700 -2.912899 -0.941368 0.000000 0.000000 0.000000
 33 -0.495354 0.209825 0.079918 0.000000 0.000000 0.000000
 34 -0.313387 0.180859 0.103195 0.000000 0.000000 0.000000
 35 0.491984 0.209826 0.079918 0.000000 0.000000 0.000000
 36 0.296539 0.180859 0.096451 0.000000 0.000000 0.000000
 37 -1.521844 -0.194915 2.281433 -0.455235 -1.310386 -3.084527
 38 3.380384 0.000000 0.000000 0.081105 -0.198333 -0.085788
 39 13.204150 0.000000 0.000002 0.000000 0.000000 -0.108662
 40 9.755006 0.000000 -0.000004 -1.591666 -0.099545 0.070476
 41 0.868608 0.316470 -0.673760 -1.350879 0.413423 0.478720
 42 2.039623 0.000000 -0.000001 0.000000 0.000000 -0.375246
 43 1.274821 0.000001 0.000001 0.000000 0.000000 -0.139626
 44 4.061926 0.072337 -0.943905 -0.009757 0.008381 0.035260
 45 1.519684 0.000000 0.000000 0.000000 0.000000 0.279253
 46 0.922961 0.000005 0.000000 0.000000 0.000000 -0.017453
 47 4.108006 -0.096745 -0.255478 -0.002621 -0.017445 0.069891
 48 1.553452 -0.000001 0.000000 0.000000 0.000000 0.183260
 49 0.947364 0.000004 0.000000 0.000000 0.000000 0.034907
 50 4.114531 -0.200241 0.431288 -0.007906 -0.008123 0.094082
 51 1.596211 0.000001 0.000000 0.000000 0.000000 0.244346
 52 0.874828 -0.000003 0.000000 0.000000 0.000000 0.000000
 53 4.145640 -0.048237 1.087935 0.003574 -0.009278 0.244643
 54 1.571782 -0.000001 0.000000 0.000000 0.000000 0.104720
 55 0.635681 0.000000 0.000000 0.000000 0.000000 0.008727
 56 -1.521844 -0.194902 -2.281434 0.455213 1.310386 -3.084548
 57 3.380384 0.000000 0.000000 -0.081105 0.198333 -0.085788
 58 13.204150 0.000000 -0.000001 0.000000 0.000000 -0.108662
 59 9.755007 0.000000 0.000001 1.591666 0.099545 0.070476
 60 0.868609 0.316469 0.673760 1.350879 -0.413423 0.478720
 61 2.039623 0.000000 0.000004 0.000000 0.000000 -0.375246
 62 1.274821 0.000000 -0.000005 0.000000 0.000000 -0.139626
 63 4.061927 0.072335 0.943905 0.009757 -0.008381 0.035260
 64 1.519683 0.000000 0.000000 0.000000 0.000000 0.279253
 65 0.922962 0.000000 0.000000 0.000000 0.000000 -0.017453
 66 4.108004 -0.096747 0.255478 0.002621 0.017445 0.069891
 67 1.553453 -0.000002 0.000000 0.000000 0.000000 0.183260
 68 0.947363 -0.000002 0.000000 0.000000 0.000000 0.034907
 69 4.114531 -0.200242 -0.431288 0.007906 0.008123 0.094082
 70 1.596210 0.000001 0.000000 0.000000 0.000000 0.244346
 71 0.874828 0.000002 0.000000 0.000000 0.000000 0.000000
 72 4.145642 -0.048238 -1.087935 -0.003574 0.009278 0.244643
 73 1.571782 -0.000002 0.000000 0.000000 0.000000 0.104720
 74 0.635681 -0.000001 0.000000 0.000000 0.000000 0.008727
end
triangles
mdl/kikolonghair.png
 15 -0.540264 -5.044287 72.228520 0.000000 0.000000 -1.000000 0.168 -2
 15 -0.220267 -5.736502 71.109850 0.000000 0.000000 -1.000000 0.9663 -2.1587
 15 0.499737 -4.989581 72.403760 1.000000 0.000000 0.000000 0.9604 -2.0036
mdl/kikolonghair.png
 15 -1.080267 -5.485734 71.132570 -0.894400 0.000000 0.447200 0.1438 -2.1535
 15 -1.190270 -5.679250 69.496400 0.000000 1.000000 0.000000 0.844 -2.4155
 15 -0.220267 -5.736502 71.109850 0.000000 0.000000 -1.000000 0.9663 -2.1587
mdl/kikolonghair.png
 15 -1.810269 -5.284110 69.897480 0.553400 0.830100 0.069200 0.0117 -2.4103
 15 -1.700272 -5.455606 68.542050 -1.000000 0.000000 0.000000 0.6848 -2.6554
 15 -1.190270 -5.679250 69.496400 0.000000 1.000000 0.000000 0.844 -2.4155
mdl/kikolonghair.png
 15 -2.240271 -5.113091 68.758120 1.000000 0.000000 0.000000 -0.0369 -2.6675
 15 -2.200275 -4.997086 66.676640 1.000000 0.000000 0.000000 0.3604 -2.9781
 15 -1.700272 -5.455606 68.542050 -1.000000 0.000000 0.000000 0.6848 -2.6554
mdl/kikolonghair.png
 15 -1.660264 -4.689020 72.048570 1.000000 0.000000 0.000000 0.168 -2
 15 -1.080267 -5.485734 71.132570 -0.894400 0.000000 0.447200 0.9663 -2.1587
 15 -0.540264 -5.044287 72.228520 0.000000 0.000000 -1.000000 0.9604 -2.0036
mdl/kikolonghair.png
 15 -1.980265 -4.849164 71.360120 1.000000 0.000000 0.000000 0.1438 -2.1535
 15 -1.810269 -5.284110 69.897480 0.553400 0.830100 0.069200 0.844 -2.4155
 15 -1.080267 -5.485734 71.132570 -0.894400 0.000000 0.447200 0.9663 -2.1587
mdl/kikolonghair.png
 15 -2.300267 -4.628422 70.323360 1.000000 0.000000 0.000000 0.0117 -2.4103
 15 -2.240271 -5.113091 68.758120 1.000000 0.000000 0.000000 0.6848 -2.6554
 15 -1.810269 -5.284110 69.897480 0.553400 0.830100 0.069200 0.844 -2.4155
mdl/kikolonghair.png
 15 -0.540264 -5.044287 72.228520 0.000000 0.000000 -1.000000 0.168 -2
 15 0.499737 -4.989581 72.403760 1.000000 0.000000 0.000000 0.9604 -2.0036
 15 -0.220267 -5.736502 71.109850 0.000000 0.000000 -1.000000 0.9663 -2.1587
mdl/kikolonghair.png
 15 -1.080267 -5.485734 71.132570 -0.894400 0.000000 0.447200 0.1438 -2.1535
 15 -0.220267 -5.736502 71.109850 0.000000 0.000000 -1.000000 0.9663 -2.1587
 15 -1.190270 -5.679250 69.496400 0.000000 1.000000 0.000000 0.844 -2.4155
mdl/kikolonghair.png
 15 -1.810269 -5.284110 69.897480 0.553400 0.830100 0.069200 0.0117 -2.4103
 15 -1.190270 -5.679250 69.496400 0.000000 1.000000 0.000000 0.844 -2.4155
 15 -1.700272 -5.455606 68.542050 -1.000000 0.000000 0.000000 0.6848 -2.6554
mdl/kikolonghair.png
 15 -2.240271 -5.113091 68.758120 1.000000 0.000000 0.000000 -0.0369 -2.6675
 15 -2.200275 -4.997086 66.676640 1.000000 0.000000 0.000000 0.3604 -2.9781
 15 -2.570274 -4.652045 66.688760 1.000000 0.000000 0.000000 -0.0993 -2.9888
mdl/kikolonghair.png
 15 -1.660264 -4.689020 72.048570 1.000000 0.000000 0.000000 0.168 -2
 15 -0.540264 -5.044287 72.228520 0.000000 0.000000 -1.000000 0.9604 -2.0036
 15 -1.080267 -5.485734 71.132570 -0.894400 0.000000 0.447200 0.9663 -2.1587
mdl/kikolonghair.png
 15 -1.980265 -4.849164 71.360120 1.000000 0.000000 0.000000 0.1438 -2.1535
 15 -1.080267 -5.485734 71.132570 -0.894400 0.000000 0.447200 0.9663 -2.1587
 15 -1.810269 -5.284110 69.897480 0.553400 0.830100 0.069200 0.844 -2.4155
mdl/kikolonghair.png
 15 -2.300267 -4.628422 70.323360 1.000000 0.000000 0.000000 0.0117 -2.4103
 15 -1.810269 -5.284110 69.897480 0.553400 0.830100 0.069200 0.844 -2.4155
 15 -2.240271 -5.113091 68.758120 1.000000 0.000000 0.000000 0.6848 -2.6554
mdl/kikolonghair.png
 15 -2.750270 -4.352273 68.930330 1.000000 0.000000 0.000000 -0.0369 -2.6675
 15 -2.660275 -4.659743 66.676900 1.000000 0.000000 0.000000 0.363 -2.9804
 15 -2.240271 -5.113091 68.758120 1.000000 0.000000 0.000000 0.6848 -2.6554
mdl/kikolonghair.png
 15 -2.750270 -4.352273 68.930330 1.000000 0.000000 0.000000 -0.0369 -2.6675
 15 -2.660275 -4.659743 66.676900 1.000000 0.000000 0.000000 0.363 -2.9804
 15 -2.940274 -4.212729 66.690280 1.000000 0.000000 0.000000 -0.0993 -2.9888
mdl/kikolonghair.png
 15 -2.340265 -4.466895 71.533530 -0.839800 -0.500000 0.211600 0.1438 -2.1535
 15 -2.520268 -4.517232 69.897170 -0.842100 -0.524700 0.124800 0.844 -2.4155
 15 -1.880265 -4.808403 71.552830 -0.595400 -0.797900 0.094200 0.9663 -2.1587
mdl/kikolonghair.png
 15 -2.690267 -3.922312 70.320340 -0.944900 -0.301600 0.127000 0.0117 -2.4103
 15 -2.800270 -4.266516 68.815670 -0.968200 -0.237300 0.079300 0.6848 -2.6554
 15 -2.520268 -4.517232 69.897170 -0.842100 -0.524700 0.124800 0.844 -2.4155
mdl/kikolonghair.png
 15 -2.340265 -4.466895 71.533530 0.057200 -0.853300 -0.518300 0.1438 -2.1535
 15 -1.880265 -4.808403 71.552830 0.595400 0.797900 -0.094200 0.9663 -2.1587
 15 -2.520268 -4.517232 69.897170 0.842100 0.524700 -0.124800 0.844 -2.4155
mdl/kikolonghair.png
 15 -2.690267 -3.922312 70.320340 0.944900 0.301600 -0.127000 0.0117 -2.4103
 15 -2.520268 -4.517232 69.897170 0.842100 0.524700 -0.124800 0.844 -2.4155
 15 -2.800270 -4.266516 68.815670 0.968200 0.237300 -0.079300 0.6848 -2.6554
mdl/kikolonghair.png
 15 -2.890269 -3.734190 68.908570 -0.979100 -0.202500 0.018900 -0.0369 -2.6675
 15 -2.830273 -3.686839 66.669330 -0.989800 -0.139700 -0.027700 0.3567 -2.9784
 15 -2.800270 -4.266516 68.815670 -0.968200 -0.237300 0.079300 0.6848 -2.6554
mdl/kikolonghair.png
 15 -2.890269 -3.734190 68.908570 0.995500 -0.071400 -0.061500 -0.0369 -2.6675
 15 -2.830273 -3.686839 66.669330 0.991900 0.123900 0.027400 0.3567 -2.9784
 15 -2.880273 -3.322236 66.685620 0.991900 0.123900 0.027400 -0.0993 -2.9888
mdl/kikolonghair.png
 15 1.199737 -4.891962 72.281400 1.000000 0.000000 0.000000 0.1438 -2.1535
 15 1.179734 -5.356505 71.149860 1.000000 0.000000 0.000000 0.844 -2.4155
 15 1.639737 -4.707766 72.136590 1.000000 0.000000 0.000000 0.9663 -2.1587
mdl/kikolonghair.png
 15 0.859734 -5.424594 71.421640 1.000000 0.000000 0.000000 0.0117 -2.4103
 15 0.699732 -5.701664 70.514040 0.235700 0.942800 0.235700 0.6848 -2.6554
 15 1.179734 -5.356505 71.149860 1.000000 0.000000 0.000000 0.844 -2.4155
mdl/kikolonghair.png
 15 0.499733 -5.694410 70.720070 1.000000 0.000000 0.000000 -0.0369 -2.6675
 15 -0.620271 -5.917709 69.271810 1.000000 0.000000 0.000000 -0.0993 -2.9888
 15 0.699732 -5.701664 70.514040 0.235700 0.942800 0.235700 0.6848 -2.6554
mdl/kikolonghair.png
 15 1.199737 -4.891962 72.281400 1.000000 0.000000 0.000000 0.1438 -2.1535
 15 1.639737 -4.707766 72.136590 1.000000 0.000000 0.000000 0.9663 -2.1587
 15 1.179734 -5.356505 71.149860 1.000000 0.000000 0.000000 0.844 -2.4155
mdl/kikolonghair.png
 15 0.859734 -5.424594 71.421640 1.000000 0.000000 0.000000 0.0117 -2.4103
 15 1.179734 -5.356505 71.149860 1.000000 0.000000 0.000000 0.844 -2.4155
 15 0.699732 -5.701664 70.514040 0.235700 0.942800 0.235700 0.6848 -2.6554
mdl/kikolonghair.png
 15 0.499733 -5.694410 70.720070 1.000000 0.000000 0.000000 -0.0369 -2.6675
 15 0.699732 -5.701664 70.514040 0.235700 0.942800 0.235700 0.6848 -2.6554
 15 -0.620271 -5.917709 69.271810 1.000000 0.000000 0.000000 -0.0993 -2.9888
mdl/kikolonghair.png
 15 1.109737 -4.935250 72.292630 1.000000 0.000000 0.000000 0.1438 -2.1535
 15 2.089734 -4.959847 71.111620 1.000000 0.000000 0.000000 0.844 -2.4155
 15 1.509737 -4.684484 72.315350 1.000000 0.000000 0.000000 0.9663 -2.1587
mdl/kikolonghair.png
 15 1.719734 -5.156913 71.028760 1.000000 0.000000 0.000000 0.0117 -2.4103
 15 2.339732 -5.044392 70.020080 1.000000 0.000000 0.000000 0.6848 -2.6554
 15 2.089734 -4.959847 71.111620 1.000000 0.000000 0.000000 0.844 -2.4155
mdl/kikolonghair.png
 15 2.069732 -5.128253 69.981780 1.000000 0.000000 0.000000 -0.0369 -2.6675
 15 2.259728 -4.818904 67.808560 -0.605400 0.783900 0.138000 -0.0993 -2.9888
 15 2.339732 -5.044392 70.020080 1.000000 0.000000 0.000000 0.6848 -2.6554
mdl/kikolonghair.png
 15 1.109737 -4.935250 72.292630 1.000000 0.000000 0.000000 0.1438 -2.1535
 15 1.509737 -4.684484 72.315350 1.000000 0.000000 0.000000 0.9663 -2.1587
 15 2.089734 -4.959847 71.111620 1.000000 0.000000 0.000000 0.844 -2.4155
mdl/kikolonghair.png
 15 1.719734 -5.156913 71.028760 1.000000 0.000000 0.000000 0.0117 -2.4103
 15 2.089734 -4.959847 71.111620 1.000000 0.000000 0.000000 0.844 -2.4155
 15 2.339732 -5.044392 70.020080 1.000000 0.000000 0.000000 0.6848 -2.6554
mdl/kikolonghair.png
 15 2.069732 -5.128253 69.981780 1.000000 0.000000 0.000000 -0.0369 -2.6675
 15 2.339732 -5.044392 70.020080 1.000000 0.000000 0.000000 0.6848 -2.6554
 15 2.259728 -4.818904 67.808560 -0.605400 0.783900 0.138000 -0.0993 -2.9888
mdl/kikolonghair.png
 15 1.449736 -4.795793 72.117840 1.000000 0.000000 0.000000 0.168 -2
 15 2.619734 -4.502985 70.646560 -0.599500 0.793000 -0.108200 0.9663 -2.1587
 15 2.259737 -4.245357 72.173690 1.000000 0.000000 0.000000 0.9604 -2.0036
mdl/kikolonghair.png
 15 2.089733 -4.984956 70.605290 0.595900 -0.792300 0.130700 0.1438 -2.1535
 15 2.789731 -4.626397 69.209350 0.095700 0.066600 0.993200 0.844 -2.4155
 15 2.619734 -4.502985 70.646560 -0.599500 0.793000 -0.108200 0.9663 -2.1587
mdl/kikolonghair.png
 15 2.329731 -4.979136 69.185370 -0.060300 -0.062200 -0.996200 0.0117 -2.4103
 15 2.559728 -4.573754 67.809630 0.607600 -0.785600 -0.116800 0.6848 -2.6554
 15 2.789731 -4.626397 69.209350 0.095700 0.066600 0.993200 0.844 -2.4155
mdl/kikolonghair.png
 15 2.259728 -4.818904 67.808560 -0.605400 0.783900 0.138000 -0.0369 -2.6675
 15 1.669725 -4.377232 65.878210 1.000000 0.000000 0.000000 -0.0993 -2.9888
 15 2.559728 -4.573754 67.809630 0.607600 -0.785600 -0.116800 0.6848 -2.6554
mdl/kikolonghair.png
 15 1.449736 -4.795793 72.117840 1.000000 0.000000 0.000000 0.168 -2
 15 2.259737 -4.245357 72.173690 1.000000 0.000000 0.000000 0.9604 -2.0036
 15 2.619734 -4.502985 70.646560 -0.599500 0.793000 -0.108200 0.9663 -2.1587
mdl/kikolonghair.png
 15 2.329731 -4.979136 69.185370 -0.060300 -0.062200 -0.996200 0.0117 -2.4103
 15 2.619734 -4.502985 70.646560 -0.599500 0.793000 -0.108200 0.9663 -2.1587
 15 2.789731 -4.626397 69.209350 0.095700 0.066600 0.993200 0.844 -2.4155
mdl/kikolonghair.png
 15 2.259728 -4.818904 67.808560 -0.605400 0.783900 0.138000 -0.0369 -2.6675
 15 2.789731 -4.626397 69.209350 0.095700 0.066600 0.993200 0.844 -2.4155
 15 2.559728 -4.573754 67.809630 0.607600 -0.785600 -0.116800 0.6848 -2.6554
mdl/kikolonghair.png
 15 2.259728 -4.818904 67.808560 -0.605400 0.783900 0.138000 -0.0369 -2.6675
 15 2.559728 -4.573754 67.809630 0.607600 -0.785600 -0.116800 0.6848 -2.6554
 15 1.669725 -4.377232 65.878210 1.000000 0.000000 0.000000 -0.0993 -2.9888
mdl/kikolonghair.png
 15 2.519734 -4.430167 70.784760 0.778700 -0.598800 0.187100 0.1438 -2.1535
 15 2.889735 -3.879099 70.789620 0.772900 -0.523800 0.358300 0.9663 -2.1587
 15 2.389738 -3.626455 72.244120 0.772900 -0.523800 0.358300 0.9604 -2.0036
mdl/kikolonghair.png
 15 2.519734 -4.430167 70.784760 0.778700 -0.598800 0.187100 0.1438 -2.1535
 15 3.179732 -4.188789 69.507010 0.764100 -0.643600 0.045000 0.844 -2.4155
 15 2.889735 -3.879099 70.789620 0.772900 -0.523800 0.358300 0.9663 -2.1587
mdl/kikolonghair.png
 15 2.649729 -4.415435 68.170510 0.735400 -0.636200 -0.233500 -0.0369 -2.6675
 15 2.899730 -4.119298 68.172220 0.735400 -0.636200 -0.233500 0.6848 -2.6554
 15 3.179732 -4.188789 69.507010 0.764100 -0.643600 0.045000 0.844 -2.4155
mdl/kikolonghair.png
 15 2.649729 -4.415435 68.170510 0.735400 -0.636200 -0.233500 -0.0369 -2.6675
 15 1.939726 -4.233491 66.307560 0.720500 -0.608400 -0.332800 -0.0993 -2.9888
 15 2.899730 -4.119298 68.172220 0.735400 -0.636200 -0.233500 0.6848 -2.6554
mdl/kikolonghair.png
 15 2.519734 -4.430167 70.784760 -0.790000 0.588900 -0.170200 0.1438 -2.1535
 15 2.389738 -3.626455 72.244120 -0.772900 0.523800 -0.358300 0.9604 -2.0036
 15 2.889735 -3.879099 70.789620 -0.755100 0.580400 -0.304900 0.9663 -2.1587
mdl/kikolonghair.png
 15 2.789732 -4.612075 69.478230 -0.758800 0.638600 -0.128000 0.0117 -2.4103
 15 2.889735 -3.879099 70.789620 -0.755100 0.580400 -0.304900 0.9663 -2.1587
 15 3.179732 -4.188789 69.507010 -0.743300 0.668700 0.019400 0.844 -2.4155
mdl/kikolonghair.png
 15 2.649729 -4.415435 68.170510 -0.737400 0.622600 0.261900 -0.0369 -2.6675
 15 3.179732 -4.188789 69.507010 -0.743300 0.668700 0.019400 0.844 -2.4155
 15 2.899730 -4.119298 68.172220 -0.737400 0.622600 0.261900 0.6848 -2.6554
mdl/kikolonghair.png
 15 2.649729 -4.415435 68.170510 -0.737400 0.622600 0.261900 -0.0369 -2.6675
 15 2.899730 -4.119298 68.172220 -0.737400 0.622600 0.261900 0.6848 -2.6554
 15 1.939726 -4.233491 66.307560 -0.720500 0.608400 0.332800 -0.0993 -2.9888
mdl/kikolonghair.png
 15 -2.800270 -4.266516 68.815670 0.968200 0.237300 -0.079300 0.6848 -2.6554
 15 -2.830273 -3.686839 66.669330 0.991900 0.123900 0.027400 0.3567 -2.9784
 15 -2.890269 -3.734190 68.908570 0.995500 -0.071400 -0.061500 -0.0369 -2.6675
mdl/kikolonghair.png
 15 -2.880273 -3.322236 66.685620 -0.989800 -0.139700 -0.027700 -0.0993 -2.9888
 15 -2.830273 -3.686839 66.669330 -0.989800 -0.139700 -0.027700 0.3567 -2.9784
 15 -2.890269 -3.734190 68.908570 -0.979100 -0.202500 0.018900 -0.0369 -2.6675
mdl/kikolonghair.png
 15 -2.240271 -5.113091 68.758120 1.000000 0.000000 0.000000 0.6848 -2.6554
 15 -2.660275 -4.659743 66.676900 1.000000 0.000000 0.000000 0.363 -2.9804
 15 -2.750270 -4.352273 68.930330 1.000000 0.000000 0.000000 -0.0369 -2.6675
mdl/kikolonghair.png
 15 -2.940274 -4.212729 66.690280 1.000000 0.000000 0.000000 -0.0993 -2.9888
 15 -2.660275 -4.659743 66.676900 1.000000 0.000000 0.000000 0.363 -2.9804
 15 -2.750270 -4.352273 68.930330 1.000000 0.000000 0.000000 -0.0369 -2.6675
mdl/kikolonghair.png
 15 -1.700272 -5.455606 68.542050 -1.000000 0.000000 0.000000 0.6848 -2.6554
 15 -2.200275 -4.997086 66.676640 1.000000 0.000000 0.000000 0.3604 -2.9781
 15 -2.240271 -5.113091 68.758120 1.000000 0.000000 0.000000 -0.0369 -2.6675
mdl/kikolonghair.png
 15 -2.570274 -4.652045 66.688760 1.000000 0.000000 0.000000 -0.0993 -2.9888
 15 -2.200275 -4.997086 66.676640 1.000000 0.000000 0.000000 0.3604 -2.9781
 15 -2.240271 -5.113091 68.758120 1.000000 0.000000 0.000000 -0.0369 -2.6675
mdl/kikolonghair.png
 15 -2.300267 -4.628422 70.323360 1.000000 0.000000 0.000000 0.0117 -2.4103
 15 -1.980265 -4.849164 71.360120 1.000000 0.000000 0.000000 0.1438 -2.1535
 15 -1.810269 -5.284110 69.897480 0.553400 0.830100 0.069200 0.844 -2.4155
mdl/kikolonghair.png
 15 -2.300267 -4.628422 70.323360 1.000000 0.000000 0.000000 0.0117 -2.4103
 15 -1.810269 -5.284110 69.897480 0.553400 0.830100 0.069200 0.844 -2.4155
 15 -1.980265 -4.849164 71.360120 1.000000 0.000000 0.000000 0.1438 -2.1535
mdl/kikolonghair.png
 15 -1.810269 -5.284110 69.897480 0.553400 0.830100 0.069200 0.0117 -2.4103
 15 -1.080267 -5.485734 71.132570 -0.894400 0.000000 0.447200 0.1438 -2.1535
 15 -1.190270 -5.679250 69.496400 0.000000 1.000000 0.000000 0.844 -2.4155
mdl/kikolonghair.png
 15 -1.810269 -5.284110 69.897480 0.553400 0.830100 0.069200 0.0117 -2.4103
 15 -1.190270 -5.679250 69.496400 0.000000 1.000000 0.000000 0.844 -2.4155
 15 -1.080267 -5.485734 71.132570 -0.894400 0.000000 0.447200 0.1438 -2.1535
mdl/kikolonghair.png
 15 -1.080267 -5.485734 71.132570 -0.894400 0.000000 0.447200 0.1438 -2.1535
 15 -0.540264 -5.044287 72.228520 0.000000 0.000000 -1.000000 0.168 -2
 15 -0.220267 -5.736502 71.109850 0.000000 0.000000 -1.000000 0.9663 -2.1587
mdl/kikolonghair.png
 15 -1.080267 -5.485734 71.132570 -0.894400 0.000000 0.447200 0.1438 -2.1535
 15 -0.220267 -5.736502 71.109850 0.000000 0.000000 -1.000000 0.9663 -2.1587
 15 -0.540264 -5.044287 72.228520 0.000000 0.000000 -1.000000 0.168 -2
mdl/kikolonghair.png
 15 -1.980265 -4.849164 71.360120 1.000000 0.000000 0.000000 0.1438 -2.1535
 15 -1.660264 -4.689020 72.048570 1.000000 0.000000 0.000000 0.168 -2
 15 -1.080267 -5.485734 71.132570 -0.894400 0.000000 0.447200 0.9663 -2.1587
mdl/kikolonghair.png
 15 -1.980265 -4.849164 71.360120 1.000000 0.000000 0.000000 0.1438 -2.1535
 15 -1.080267 -5.485734 71.132570 -0.894400 0.000000 0.447200 0.9663 -2.1587
 15 -1.660264 -4.689020 72.048570 1.000000 0.000000 0.000000 0.168 -2
mdl/kikolonghair.png
 15 -2.690267 -3.922312 70.320340 0.944900 0.301600 -0.127000 0.0117 -2.4103
 15 -2.340265 -4.466895 71.533530 0.057200 -0.853300 -0.518300 0.1438 -2.1535
 15 -2.520268 -4.517232 69.897170 0.842100 0.524700 -0.124800 0.844 -2.4155
mdl/kikolonghair.png
 15 -2.690267 -3.922312 70.320340 -0.944900 -0.301600 0.127000 0.0117 -2.4103
 15 -2.520268 -4.517232 69.897170 -0.842100 -0.524700 0.124800 0.844 -2.4155
 15 -2.340265 -4.466895 71.533530 -0.839800 -0.500000 0.211600 0.1438 -2.1535
mdl/kikolonghair.png
 15 -2.890269 -3.734190 68.908570 0.995500 -0.071400 -0.061500 -0.0369 -2.6675
 15 -2.690267 -3.922312 70.320340 0.944900 0.301600 -0.127000 0.0117 -2.4103
 15 -2.800270 -4.266516 68.815670 0.968200 0.237300 -0.079300 0.6848 -2.6554
mdl/kikolonghair.png
 15 -2.890269 -3.734190 68.908570 -0.979100 -0.202500 0.018900 -0.0369 -2.6675
 15 -2.800270 -4.266516 68.815670 -0.968200 -0.237300 0.079300 0.6848 -2.6554
 15 -2.690267 -3.922312 70.320340 -0.944900 -0.301600 0.127000 0.0117 -2.4103
mdl/kikolonghair.png
 15 -2.750270 -4.352273 68.930330 1.000000 0.000000 0.000000 -0.0369 -2.6675
 15 -2.300267 -4.628422 70.323360 1.000000 0.000000 0.000000 0.0117 -2.4103
 15 -2.240271 -5.113091 68.758120 1.000000 0.000000 0.000000 0.6848 -2.6554
mdl/kikolonghair.png
 15 -2.750270 -4.352273 68.930330 1.000000 0.000000 0.000000 -0.0369 -2.6675
 15 -2.240271 -5.113091 68.758120 1.000000 0.000000 0.000000 0.6848 -2.6554
 15 -2.300267 -4.628422 70.323360 1.000000 0.000000 0.000000 0.0117 -2.4103
mdl/kikolonghair.png
 15 -2.240271 -5.113091 68.758120 1.000000 0.000000 0.000000 -0.0369 -2.6675
 15 -1.810269 -5.284110 69.897480 0.553400 0.830100 0.069200 0.0117 -2.4103
 15 -1.700272 -5.455606 68.542050 -1.000000 0.000000 0.000000 0.6848 -2.6554
mdl/kikolonghair.png
 15 -2.240271 -5.113091 68.758120 1.000000 0.000000 0.000000 -0.0369 -2.6675
 15 -1.700272 -5.455606 68.542050 -1.000000 0.000000 0.000000 0.6848 -2.6554
 15 -1.810269 -5.284110 69.897480 0.553400 0.830100 0.069200 0.0117 -2.4103
mdl/kikolonghair.png
 15 -0.360267 -5.746283 71.107770 0.000000 -1.000000 0.000000 0.1438 -2.1535
 15 0.489733 -5.771018 70.887790 -0.077900 -0.997000 0.000000 0.9663 -2.1587
 15 1.239737 -4.742536 72.251870 1.000000 0.000000 0.000000 0.9604 -2.0036
mdl/kikolonghair.png
 15 -0.360267 -5.746283 71.107770 0.000000 -1.000000 0.000000 0.1438 -2.1535
 15 -0.280270 -5.957089 69.600830 1.000000 0.000000 0.000000 0.844 -2.4155
 15 0.489733 -5.771018 70.887790 -0.077900 -0.997000 0.000000 0.9663 -2.1587
mdl/kikolonghair.png
 15 -1.050269 -5.697617 69.870780 1.000000 0.000000 0.000000 0.0117 -2.4103
 15 -0.930272 -5.944457 68.581100 1.000000 0.000000 0.000000 0.6848 -2.6554
 15 -0.280270 -5.957089 69.600830 1.000000 0.000000 0.000000 0.844 -2.4155
mdl/kikolonghair.png
 15 -1.440271 -5.659807 68.876870 1.000000 0.000000 0.000000 -0.0369 -2.6675
 15 -1.770275 -5.488019 66.725470 1.000000 0.000000 0.000000 0.3646 -2.9796
 15 -0.930272 -5.944457 68.581100 1.000000 0.000000 0.000000 0.6848 -2.6554
mdl/kikolonghair.png
 15 -0.360267 -5.746283 71.107770 0.000000 -1.000000 0.000000 0.1438 -2.1535
 15 1.239737 -4.742536 72.251870 1.000000 0.000000 0.000000 0.9604 -2.0036
 15 0.489733 -5.771018 70.887790 -0.077900 -0.997000 0.000000 0.9663 -2.1587
mdl/kikolonghair.png
 15 -0.360267 -5.746283 71.107770 0.000000 -1.000000 0.000000 0.1438 -2.1535
 15 0.489733 -5.771018 70.887790 -0.077900 -0.997000 0.000000 0.9663 -2.1587
 15 -0.280270 -5.957089 69.600830 1.000000 0.000000 0.000000 0.844 -2.4155
mdl/kikolonghair.png
 15 -1.050269 -5.697617 69.870780 1.000000 0.000000 0.000000 0.0117 -2.4103
 15 -0.280270 -5.957089 69.600830 1.000000 0.000000 0.000000 0.844 -2.4155
 15 -0.930272 -5.944457 68.581100 1.000000 0.000000 0.000000 0.6848 -2.6554
mdl/kikolonghair.png
 15 -1.440271 -5.659807 68.876870 1.000000 0.000000 0.000000 -0.0369 -2.6675
 15 -1.770275 -5.488019 66.725470 1.000000 0.000000 0.000000 0.3646 -2.9796
 15 -2.280275 -5.160457 66.723650 1.000000 0.000000 0.000000 -0.0993 -2.9888
mdl/kikolonghair.png
 15 -0.930272 -5.944457 68.581100 1.000000 0.000000 0.000000 0.6848 -2.6554
 15 -1.770275 -5.488019 66.725470 1.000000 0.000000 0.000000 0.3646 -2.9796
 15 -1.440271 -5.659807 68.876870 1.000000 0.000000 0.000000 -0.0369 -2.6675
mdl/kikolonghair.png
 15 -2.280275 -5.160457 66.723650 1.000000 0.000000 0.000000 -0.0993 -2.9888
 15 -1.770275 -5.488019 66.725470 1.000000 0.000000 0.000000 0.3646 -2.9796
 15 -1.440271 -5.659807 68.876870 1.000000 0.000000 0.000000 -0.0369 -2.6675
mdl/kikolonghair.png
 15 -1.050269 -5.697617 69.870780 1.000000 0.000000 0.000000 0.0117 -2.4103
 15 -0.360267 -5.746283 71.107770 0.000000 -1.000000 0.000000 0.1438 -2.1535
 15 -0.280270 -5.957089 69.600830 1.000000 0.000000 0.000000 0.844 -2.4155
mdl/kikolonghair.png
 15 -1.050269 -5.697617 69.870780 1.000000 0.000000 0.000000 0.0117 -2.4103
 15 -0.280270 -5.957089 69.600830 1.000000 0.000000 0.000000 0.844 -2.4155
 15 -0.360267 -5.746283 71.107770 0.000000 -1.000000 0.000000 0.1438 -2.1535
mdl/kikolonghair.png
 15 -1.440271 -5.659807 68.876870 1.000000 0.000000 0.000000 -0.0369 -2.6675
 15 -1.050269 -5.697617 69.870780 1.000000 0.000000 0.000000 0.0117 -2.4103
 15 -0.930272 -5.944457 68.581100 1.000000 0.000000 0.000000 0.6848 -2.6554
mdl/kikolonghair.png
 15 -1.440271 -5.659807 68.876870 1.000000 0.000000 0.000000 -0.0369 -2.6675
 15 -0.930272 -5.944457 68.581100 1.000000 0.000000 0.000000 0.6848 -2.6554
 15 -1.050269 -5.697617 69.870780 1.000000 0.000000 0.000000 0.0117 -2.4103
mdl/kikolonghair.png
 15 0.299737 -4.907169 72.400860 1.000000 0.000000 0.000000 0.168 -2
 15 1.239737 -4.742536 72.251870 1.000000 0.000000 0.000000 0.9604 -2.0036
 15 -0.360267 -5.746283 71.107770 0.000000 -1.000000 0.000000 0.1438 -2.1535
mdl/kikolonghair.png
 15 0.299737 -4.907169 72.400860 1.000000 0.000000 0.000000 0.168 -2
 15 -0.360267 -5.746283 71.107770 0.000000 -1.000000 0.000000 0.1438 -2.1535
 15 1.239737 -4.742536 72.251870 1.000000 0.000000 0.000000 0.9604 -2.0036
mdl/kikolonghair.png
 15 2.519734 -4.430167 70.784760 0.778700 -0.598800 0.187100 -0.0078 -2.4083
 15 2.859735 -4.004798 70.803760 0.916400 -0.388400 0.097100 0.7971 -2.4175
 15 2.559736 -4.255069 71.691090 0.647200 -0.753400 0.116600 0.9936 -1.9966
mdl/kikolonghair.png
 15 2.519734 -4.430167 70.784760 0.778700 -0.598800 0.187100 -0.0078 -2.4083
 15 2.849731 -3.734196 68.908550 0.954000 -0.296600 -0.043300 0.5364 -2.6574
 15 2.859735 -4.004798 70.803760 0.916400 -0.388400 0.097100 0.7971 -2.4175
mdl/kikolonghair.png
 15 2.579728 -4.153744 67.469640 0.971900 -0.149800 -0.181300 -0.1168 -2.7996
 15 2.369727 -3.946760 66.593540 0.943500 -0.187500 -0.273100 -0.0993 -2.9888
 15 2.649729 -3.742321 67.506120 0.963300 -0.212300 -0.164400 0.3371 -2.7919
mdl/kikolonghair.png
 15 2.519734 -4.430167 70.784760 -0.790000 0.588900 -0.170200 -0.0078 -2.4083
 15 2.559736 -4.255069 71.691090 -0.647200 0.753400 -0.116600 0.9936 -1.9966
 15 2.859735 -4.004798 70.803760 -0.824100 -0.456200 -0.335800 0.7971 -2.4175
mdl/kikolonghair.png
 15 2.519734 -4.430167 70.784760 -0.790000 0.588900 -0.170200 -0.0078 -2.4083
 15 2.859735 -4.004798 70.803760 -0.824100 -0.456200 -0.335800 0.7971 -2.4175
 15 2.849731 -3.734196 68.908550 -1.000000 0.000000 0.000000 0.5364 -2.6574
mdl/kikolonghair.png
 15 2.729731 -4.147702 68.881860 -0.969400 0.239100 0.056600 0.0413 -2.6597
 15 2.849731 -3.734196 68.908550 -1.000000 0.000000 0.000000 0.5364 -2.6574
 15 2.649729 -3.742321 67.506120 -0.979300 0.002300 0.202500 0.3371 -2.7919
mdl/kikolonghair.png
 15 2.369727 -3.946760 66.593540 -0.972900 0.041700 0.227400 -0.0993 -2.9888
 15 2.579728 -4.153744 67.469640 -0.971900 0.149800 0.181300 -0.1168 -2.7996
 15 2.649729 -3.742321 67.506120 -0.979300 0.002300 0.202500 0.3371 -2.7919
mdl/kikolonghair.png
 15 2.729731 -4.147702 68.881860 0.969400 -0.239100 -0.056600 0.0413 -2.6597
 15 2.579728 -4.153744 67.469640 0.971900 -0.149800 -0.181300 -0.1168 -2.7996
 15 2.649729 -3.742321 67.506120 0.963300 -0.212300 -0.164400 0.3371 -2.7919
mdl/kikolonghair.png
 15 0.499733 -5.694410 70.720070 1.000000 0.000000 0.000000 -0.0369 -2.6675
 15 0.859734 -5.424594 71.421640 1.000000 0.000000 0.000000 0.0117 -2.4103
 15 0.699732 -5.701664 70.514040 0.235700 0.942800 0.235700 0.6848 -2.6554
mdl/kikolonghair.png
 15 0.499733 -5.694410 70.720070 1.000000 0.000000 0.000000 -0.0369 -2.6675
 15 0.699732 -5.701664 70.514040 0.235700 0.942800 0.235700 0.6848 -2.6554
 15 0.859734 -5.424594 71.421640 1.000000 0.000000 0.000000 0.0117 -2.4103
mdl/kikolonghair.png
 15 0.859734 -5.424594 71.421640 1.000000 0.000000 0.000000 0.0117 -2.4103
 15 1.199737 -4.891962 72.281400 1.000000 0.000000 0.000000 0.1438 -2.1535
 15 1.179734 -5.356505 71.149860 1.000000 0.000000 0.000000 0.844 -2.4155
mdl/kikolonghair.png
 15 0.859734 -5.424594 71.421640 1.000000 0.000000 0.000000 0.0117 -2.4103
 15 1.179734 -5.356505 71.149860 1.000000 0.000000 0.000000 0.844 -2.4155
 15 1.199737 -4.891962 72.281400 1.000000 0.000000 0.000000 0.1438 -2.1535
mdl/kikolonghair.png
 15 2.069732 -5.128253 69.981780 1.000000 0.000000 0.000000 -0.0369 -2.6675
 15 1.719734 -5.156913 71.028760 1.000000 0.000000 0.000000 0.0117 -2.4103
 15 2.339732 -5.044392 70.020080 1.000000 0.000000 0.000000 0.6848 -2.6554
mdl/kikolonghair.png
 15 2.069732 -5.128253 69.981780 1.000000 0.000000 0.000000 -0.0369 -2.6675
 15 2.339732 -5.044392 70.020080 1.000000 0.000000 0.000000 0.6848 -2.6554
 15 1.719734 -5.156913 71.028760 1.000000 0.000000 0.000000 0.0117 -2.4103
mdl/kikolonghair.png
 15 1.719734 -5.156913 71.028760 1.000000 0.000000 0.000000 0.0117 -2.4103
 15 1.109737 -4.935250 72.292630 1.000000 0.000000 0.000000 0.1438 -2.1535
 15 2.089734 -4.959847 71.111620 1.000000 0.000000 0.000000 0.844 -2.4155
mdl/kikolonghair.png
 15 1.719734 -5.156913 71.028760 1.000000 0.000000 0.000000 0.0117 -2.4103
 15 2.089734 -4.959847 71.111620 1.000000 0.000000 0.000000 0.844 -2.4155
 15 1.109737 -4.935250 72.292630 1.000000 0.000000 0.000000 0.1438 -2.1535
mdl/kikolonghair.png
 15 2.089733 -4.984956 70.605290 0.595900 -0.792300 0.130700 0.1438 -2.1535
 15 1.449736 -4.795793 72.117840 1.000000 0.000000 0.000000 0.168 -2
 15 2.619734 -4.502985 70.646560 -0.599500 0.793000 -0.108200 0.9663 -2.1587
mdl/kikolonghair.png
 15 2.089733 -4.984956 70.605290 0.595900 -0.792300 0.130700 0.1438 -2.1535
 15 2.619734 -4.502985 70.646560 -0.599500 0.793000 -0.108200 0.9663 -2.1587
 15 1.449736 -4.795793 72.117840 1.000000 0.000000 0.000000 0.168 -2
mdl/kikolonghair.png
 15 2.329731 -4.979136 69.185370 -0.060300 -0.062200 -0.996200 0.0117 -2.4103
 15 2.789731 -4.626397 69.209350 0.095700 0.066600 0.993200 0.844 -2.4155
 15 2.089733 -4.984956 70.605290 0.595900 -0.792300 0.130700 0.1438 -2.1535
mdl/kikolonghair.png
 15 2.089733 -4.984956 70.605290 0.595900 -0.792300 0.130700 0.1438 -2.1535
 15 2.619734 -4.502985 70.646560 -0.599500 0.793000 -0.108200 0.9663 -2.1587
 15 2.329731 -4.979136 69.185370 -0.060300 -0.062200 -0.996200 0.0117 -2.4103
mdl/kikolonghair.png
 15 2.259728 -4.818904 67.808560 -0.605400 0.783900 0.138000 -0.0369 -2.6675
 15 2.559728 -4.573754 67.809630 0.607600 -0.785600 -0.116800 0.6848 -2.6554
 15 2.329731 -4.979136 69.185370 -0.060300 -0.062200 -0.996200 0.0117 -2.4103
mdl/kikolonghair.png
 15 2.849731 -3.734196 68.908550 0.954000 -0.296600 -0.043300 0.5364 -2.6574
 15 2.729731 -4.147702 68.881860 0.969400 -0.239100 -0.056600 0.0413 -2.6597
 15 2.649729 -3.742321 67.506120 0.963300 -0.212300 -0.164400 0.3371 -2.7919
mdl/kikolonghair.png
 15 2.579728 -4.153744 67.469640 -0.971900 0.149800 0.181300 -0.1168 -2.7996
 15 2.729731 -4.147702 68.881860 -0.969400 0.239100 0.056600 0.0413 -2.6597
 15 2.649729 -3.742321 67.506120 -0.979300 0.002300 0.202500 0.3371 -2.7919
mdl/kikolonghair.png
 15 2.729731 -4.147702 68.881860 -0.969400 0.239100 0.056600 0.0413 -2.6597
 15 2.519734 -4.430167 70.784760 -0.790000 0.588900 -0.170200 -0.0078 -2.4083
 15 2.849731 -3.734196 68.908550 -1.000000 0.000000 0.000000 0.5364 -2.6574
mdl/kikolonghair.png
 15 2.729731 -4.147702 68.881860 0.969400 -0.239100 -0.056600 0.0413 -2.6597
 15 2.849731 -3.734196 68.908550 0.954000 -0.296600 -0.043300 0.5364 -2.6574
 15 2.519734 -4.430167 70.784760 0.778700 -0.598800 0.187100 -0.0078 -2.4083
mdl/kikolonghair.png
 15 2.789732 -4.612075 69.478230 -0.758800 0.638600 -0.128000 0.0117 -2.4103
 15 3.179732 -4.188789 69.507010 -0.743300 0.668700 0.019400 0.844 -2.4155
 15 2.649729 -4.415435 68.170510 -0.737400 0.622600 0.261900 -0.0369 -2.6675
mdl/kikolonghair.png
 15 2.789732 -4.612075 69.478230 0.733500 -0.678900 0.031500 0.0117 -2.4103
 15 2.649729 -4.415435 68.170510 0.735400 -0.636200 -0.233500 -0.0369 -2.6675
 15 3.179732 -4.188789 69.507010 0.764100 -0.643600 0.045000 0.844 -2.4155
mdl/kikolonghair.png
 15 2.519734 -4.430167 70.784760 -0.790000 0.588900 -0.170200 0.1438 -2.1535
 15 2.889735 -3.879099 70.789620 -0.755100 0.580400 -0.304900 0.9663 -2.1587
 15 2.789732 -4.612075 69.478230 -0.758800 0.638600 -0.128000 0.0117 -2.4103
mdl/kikolonghair.png
 15 2.119736 -4.532464 71.601360 -0.504800 0.851300 -0.142800 0.1711 -1.9972
 15 2.559736 -4.255069 71.691090 -0.647200 0.753400 -0.116600 0.9936 -1.9966
 15 2.519734 -4.430167 70.784760 -0.790000 0.588900 -0.170200 -0.0078 -2.4083
mdl/kikolonghair.png
 15 2.119736 -4.532464 71.601360 0.504800 -0.851300 0.142800 0.1711 -1.9972
 15 2.519734 -4.430167 70.784760 0.778700 -0.598800 0.187100 -0.0078 -2.4083
 15 2.559736 -4.255069 71.691090 0.647200 -0.753400 0.116600 0.9936 -1.9966
mdl/kikolonghair.png
 15 2.789732 -4.612075 69.478230 0.733500 -0.678900 0.031500 0.0117 -2.4103
 15 3.179732 -4.188789 69.507010 0.764100 -0.643600 0.045000 0.844 -2.4155
 15 2.519734 -4.430167 70.784760 0.778700 -0.598800 0.187100 0.1438 -2.1535
mdl/kikolonghair.png
 15 1.889737 -4.464067 72.096460 -0.772900 0.523800 -0.358300 0.168 -2
 15 2.389738 -3.626455 72.244120 -0.772900 0.523800 -0.358300 0.9604 -2.0036
 15 2.519734 -4.430167 70.784760 -0.790000 0.588900 -0.170200 0.1438 -2.1535
mdl/kikolonghair.png
 15 1.889737 -4.464067 72.096460 0.772900 -0.523800 0.358300 0.168 -2
 15 2.519734 -4.430167 70.784760 0.778700 -0.598800 0.187100 0.1438 -2.1535
 15 2.389738 -3.626455 72.244120 0.772900 -0.523800 0.358300 0.9604 -2.0036
mdl/kikolonghair.png
 15 2.329731 -4.979136 69.185370 -0.060300 -0.062200 -0.996200 0.0117 -2.4103
 15 2.789731 -4.626397 69.209350 0.095700 0.066600 0.993200 0.844 -2.4155
 15 2.259728 -4.818904 67.808560 -0.605400 0.783900 0.138000 -0.0369 -2.6675
mdl/kikolashes.png
 20 0.868689 -5.292068 69.195650 0.416300 -0.349300 -0.839400 0.7969 -0.2188
 15 0.609730 -4.952249 68.915050 0.462500 -0.864200 -0.198400 0.9688 -0.8125
 20 0.808689 -5.003859 69.059270 0.350800 -0.507100 -0.787300 0.8125 -0.6875
mdl/kikolashes.png
 20 0.808689 -5.003859 69.059270 0.350800 -0.507100 -0.787300 0.8125 -0.6875
 20 1.058009 -5.024526 69.160080 0.292300 -0.633300 -0.716600 0.6449 -0.5898
 20 0.868689 -5.292068 69.195650 0.416300 -0.349300 -0.839400 0.7969 -0.2188
mdl/kikolashes.png
 20 1.877752 -4.784663 69.270860 0.133000 -0.342900 -0.929900 0.0625 -0.8438
 20 1.547752 -4.824652 69.240840 0.133000 -0.342900 -0.929900 0.2969 -0.7813
 15 1.709731 -4.665518 69.201030 0.133000 -0.342900 -0.929900 0.1719 -1
mdl/kikolashes.png
 20 1.537751 -5.124680 69.320750 0.267600 -0.492900 -0.827900 0.315 -0.3696
 20 1.687752 -5.174728 69.460720 0.400500 -0.613700 -0.680400 0.1875 -0.2188
 20 1.327751 -5.324720 69.440670 0.267300 -0.569000 -0.777700 0.4375 -0.0625
mdl/kikolashes.png
 20 1.537751 -5.124680 69.320750 0.267600 -0.492900 -0.827900 0.315 -0.3696
 20 1.547752 -4.824652 69.240840 0.421400 -0.521800 -0.741700 0.2969 -0.7813
 20 1.877752 -4.784663 69.270860 0.337200 -0.475000 -0.812800 0.0625 -0.8438
mdl/kikolashes.png
 20 1.058009 -5.024526 69.160080 0.292300 -0.633300 -0.716600 0.6449 -0.5898
 20 1.297751 -5.004642 69.210780 0.319400 -0.646300 -0.693000 0.4784 -0.5856
 20 1.327751 -5.324720 69.440670 0.267300 -0.569000 -0.777700 0.4375 -0.0625
mdl/kikolashes.png
 20 2.037752 -4.864715 69.420830 0.397700 -0.555100 -0.730500 -0.0469 -0.6563
 20 1.687752 -5.174728 69.460720 0.400500 -0.613700 -0.680400 0.1875 -0.2188
 20 1.877752 -4.784663 69.270860 0.337200 -0.475000 -0.812800 0.0625 -0.8438
mdl/kikolashes.png
 20 1.327751 -5.324720 69.440670 0.267300 -0.569000 -0.777700 0.4375 -0.0625
 20 0.868689 -5.292068 69.195650 0.416300 -0.349300 -0.839400 0.7969 -0.2188
 20 1.058009 -5.024526 69.160080 0.292300 -0.633300 -0.716600 0.6449 -0.5898
mdl/kikolashes.png
 20 0.868689 -5.292068 69.195650 -0.416300 0.349300 0.839400 0.7969 -0.2188
 20 0.808689 -5.003859 69.059270 -0.416300 0.349300 0.839400 0.8125 -0.6875
 15 0.609730 -4.952249 68.915050 -0.506600 0.288600 0.812400 0.9688 -0.8125
mdl/kikolashes.png
 20 0.808689 -5.003859 69.059270 -0.416300 0.349300 0.839400 0.8125 -0.6875
 20 0.868689 -5.292068 69.195650 -0.416300 0.349300 0.839400 0.7969 -0.2188
 20 1.058009 -5.024526 69.160080 -0.321600 0.438400 0.839300 0.6449 -0.5898
mdl/kikolashes.png
 20 1.877752 -4.784663 69.270860 -0.287000 0.444400 0.848600 0.0625 -0.8438
 15 1.709731 -4.665518 69.201030 -0.133000 0.342900 0.929900 0.1719 -1
 20 1.547752 -4.824652 69.240840 -0.181500 0.292800 0.938800 0.2969 -0.7813
mdl/kikolashes.png
 20 1.537751 -5.124680 69.320750 -0.267600 0.492900 0.827900 0.315 -0.3696
 20 1.327751 -5.324720 69.440670 -0.267300 0.569000 0.777700 0.4375 -0.0625
 20 1.687752 -5.174728 69.460720 -0.400500 0.613700 0.680400 0.1875 -0.2188
mdl/kikolashes.png
 20 1.537751 -5.124680 69.320750 -0.267600 0.492900 0.827900 0.315 -0.3696
 20 1.687752 -5.174728 69.460720 -0.400500 0.613700 0.680400 0.1875 -0.2188
 20 1.877752 -4.784663 69.270860 -0.287000 0.444400 0.848600 0.0625 -0.8438
mdl/kikolashes.png
 20 1.058009 -5.024526 69.160080 -0.321600 0.438400 0.839300 0.6449 -0.5898
