version 1
nodes
  0 "Cylinder01"  -1
end
skeleton
time 0
  0 0.000000 0.000000 0.000000 0.000000 0.000000 0.000000
end
triangles
mdl/japanese_fur_branch.png
  0 -0.270000 -0.390000 280.660000 0.473000 0.550400 0.688000 0.1126 0.5122
  0 117.280000 84.100000 144.340000 0.000000 0.000000 -1.000000 0.6305 1.0032
  0 179.840000 -5.800000 174.460000 0.473000 0.550400 0.688000 0.9932 0.5172
mdl/japanese_fur_branch.png
  0 -0.270000 -0.390000 280.660000 0.473000 0.550400 0.688000 0.1126 0.5122
  0 179.840000 -5.800000 174.460000 0.473000 0.550400 0.688000 0.9932 0.5172
  0 137.120000 -95.950000 139.950000 0.000000 0.000000 1.000000 0.691 -0.0008
mdl/japanese_fur_branch.png
  0 179.840000 -5.800000 174.460000 0.473000 0.550400 0.688000 1.076 0.639
  0 192.940000 -2.670000 213.450000 1.000000 0.000000 0.000000 0.9494 0.8375
  0 -0.270000 -0.390000 280.660000 0.473000 0.550400 0.688000 -0.1972 0.7392
mdl/japanese_fur_branch.png
  0 179.840000 -5.800000 174.460000 0.473000 0.550400 0.688000 0.9932 0.5172
  0 117.280000 84.100000 144.340000 0.000000 0.000000 -1.000000 0.6305 1.0032
  0 -0.270000 -0.390000 280.660000 0.473000 0.550400 0.688000 0.1126 0.5122
mdl/japanese_fur_branch.png
  0 137.120000 -95.950000 139.950000 0.000000 0.000000 1.000000 0.691 -0.0008
  0 179.840000 -5.800000 174.460000 0.473000 0.550400 0.688000 0.9932 0.5172
  0 -0.270000 -0.390000 280.660000 0.473000 0.550400 0.688000 0.1126 0.5122
mdl/japanese_fur_branch.png
  0 -0.270000 -0.390000 280.660000 0.473000 0.550400 0.688000 -0.1972 0.7392
  0 192.940000 -2.670000 213.450000 1.000000 0.000000 0.000000 0.9494 0.8375
  0 179.840000 -5.800000 174.460000 0.473000 0.550400 0.688000 1.076 0.639
mdl/japanese_fur_branch.png
  0 0.390000 0.260000 305.890000 -0.683500 0.683500 -0.256300 0.1126 0.5122
  0 -127.800000 -41.730000 183.880000 1.000000 0.000000 0.000000 0.6305 1.0032
  0 -159.060000 52.760000 216.590000 -0.683500 0.683500 -0.256300 0.9932 0.5172
mdl/japanese_fur_branch.png
  0 0.390000 0.260000 305.890000 -0.683500 0.683500 -0.256300 0.1126 0.5122
  0 -159.060000 52.760000 216.590000 -0.683500 0.683500 -0.256300 0.9932 0.5172
  0 -98.760000 120.380000 180.930000 -1.000000 0.000000 0.000000 0.691 -0.0008
mdl/japanese_fur_branch.png
  0 -159.060000 52.760000 216.590000 -0.683500 0.683500 -0.256300 1.076 0.639
  0 -157.520000 49.650000 254.260000 1.000000 0.000000 0.000000 0.9494 0.8375
  0 0.390000 0.260000 305.890000 -0.683500 0.683500 -0.256300 -0.1972 0.7392
mdl/japanese_fur_branch.png
  0 -159.060000 52.760000 216.590000 -0.683500 0.683500 -0.256300 0.9932 0.5172
  0 -127.800000 -41.730000 183.880000 1.000000 0.000000 0.000000 0.6305 1.0032
  0 0.390000 0.260000 305.890000 -0.683500 0.683500 -0.256300 0.1126 0.5122
mdl/japanese_fur_branch.png
  0 -98.760000 120.380000 180.930000 -1.000000 0.000000 0.000000 0.691 -0.0008
  0 -159.060000 52.760000 216.590000 -0.683500 0.683500 -0.256300 0.9932 0.5172
  0 0.390000 0.260000 305.890000 -0.683500 0.683500 -0.256300 0.1126 0.5122
mdl/japanese_fur_branch.png
  0 0.390000 0.260000 305.890000 -0.683500 0.683500 -0.256300 -0.1972 0.7392
  0 -157.520000 49.650000 254.260000 1.000000 0.000000 0.000000 0.9494 0.8375
  0 -159.060000 52.760000 216.590000 -0.683500 0.683500 -0.256300 1.076 0.639
mdl/japanese_fur_branch.png
  0 0.160000 -0.490000 290.360000 0.000000 0.000000 -1.000000 0.1126 0.5122
  0 -16.460000 141.810000 169.860000 1.000000 0.000000 0.000000 0.6305 1.0032
  0 85.770000 155.670000 205.370000 0.000000 0.000000 -1.000000 0.9932 0.5172
mdl/japanese_fur_branch.png
  0 0.160000 -0.490000 290.360000 0.000000 0.000000 -1.000000 0.1126 0.5122
  0 85.770000 155.670000 205.370000 0.000000 0.000000 -1.000000 0.9932 0.5172
  0 143.510000 81.610000 167.890000 0.000000 -1.000000 0.000000 0.691 -0.0008
mdl/japanese_fur_branch.png
  0 85.770000 155.670000 205.370000 0.000000 0.000000 -1.000000 1.076 0.639
  0 81.810000 153.800000 228.500000 1.000000 0.000000 0.000000 0.9494 0.8375
  0 0.160000 -0.490000 290.360000 0.000000 0.000000 -1.000000 -0.1972 0.7392
mdl/japanese_fur_branch.png
  0 85.770000 155.670000 205.370000 0.000000 0.000000 -1.000000 0.9932 0.5172
  0 -16.460000 141.810000 169.860000 1.000000 0.000000 0.000000 0.6305 1.0032
  0 0.160000 -0.490000 290.360000 0.000000 0.000000 -1.000000 0.1126 0.5122
mdl/japanese_fur_branch.png
  0 143.510000 81.610000 167.890000 0.000000 -1.000000 0.000000 0.691 -0.0008
  0 85.770000 155.670000 205.370000 0.000000 0.000000 -1.000000 0.9932 0.5172
  0 0.160000 -0.490000 290.360000 0.000000 0.000000 -1.000000 0.1126 0.5122
mdl/japanese_fur_branch.png
  0 0.160000 -0.490000 290.360000 0.000000 0.000000 -1.000000 -0.1972 0.7392
  0 81.810000 153.800000 228.500000 1.000000 0.000000 0.000000 0.9494 0.8375
  0 85.770000 155.670000 205.370000 0.000000 0.000000 -1.000000 1.076 0.639
mdl/japanese_fur_branch.png
  0 -0.350000 -0.030000 359.130000 0.624700 -0.624700 0.468500 0.1126 0.5122
  0 104.610000 -32.310000 244.970000 0.000000 0.000000 -1.000000 0.6305 1.0032
  0 77.590000 -112.250000 273.710000 0.624700 -0.624700 0.468500 0.9932 0.5172
mdl/japanese_fur_branch.png
  0 -0.350000 -0.030000 359.130000 0.624700 -0.624700 0.468500 0.1126 0.5122
  0 77.590000 -112.250000 273.710000 0.624700 -0.624700 0.468500 0.9932 0.5172
  0 2.140000 -127.040000 241.060000 0.174100 -0.696300 0.696300 0.691 -0.0008
mdl/japanese_fur_branch.png
  0 77.590000 -112.250000 273.710000 0.624700 -0.624700 0.468500 1.076 0.639
  0 78.890000 -110.450000 305.670000 1.000000 0.000000 0.000000 0.9494 0.8375
  0 -0.350000 -0.030000 359.130000 0.624700 -0.624700 0.468500 -0.1972 0.7392
mdl/japanese_fur_branch.png
  0 77.590000 -112.250000 273.710000 0.624700 -0.624700 0.468500 0.9932 0.5172
  0 104.610000 -32.310000 244.970000 0.000000 0.000000 -1.000000 0.6305 1.0032
  0 -0.350000 -0.030000 359.130000 0.624700 -0.624700 0.468500 0.1126 0.5122
mdl/japanese_fur_branch.png
  0 2.140000 -127.040000 241.060000 0.174100 -0.696300 0.696300 0.691 -0.0008
  0 77.590000 -112.250000 273.710000 0.624700 -0.624700 0.468500 0.9932 0.5172
  0 -0.350000 -0.030000 359.130000 0.624700 -0.624700 0.468500 0.1126 0.5122
mdl/japanese_fur_branch.png
  0 -0.350000 -0.030000 359.130000 0.624700 -0.624700 0.468500 -0.1972 0.7392
  0 78.890000 -110.450000 305.670000 1.000000 0.000000 0.000000 0.9494 0.8375
  0 77.590000 -112.250000 273.710000 0.624700 -0.624700 0.468500 1.076 0.639
mdl/japanese_fur_branch.png
  0 -0.100000 0.340000 324.690000 0.000000 -0.707100 0.707100 0.1126 0.5122
  0 0.000000 -105.680000 220.210000 1.000000 0.000000 0.000000 0.6305 1.0032
  0 -79.020000 -105.440000 251.500000 0.000000 -0.707100 0.707100 0.9932 0.5172
mdl/japanese_fur_branch.png
  0 -0.100000 0.340000 324.690000 0.000000 -0.707100 0.707100 0.1126 0.5122
  0 -79.020000 -105.440000 251.500000 0.000000 -0.707100 0.707100 0.9932 0.5172
  0 -114.680000 -42.960000 217.540000 0.000000 0.000000 1.000000 0.691 -0.0008
mdl/japanese_fur_branch.png
  0 -79.020000 -105.440000 251.500000 0.000000 -0.707100 0.707100 1.076 0.639
  0 -76.470000 -105.310000 269.320000 1.000000 0.000000 0.000000 0.9494 0.8375
  0 -0.100000 0.340000 324.690000 0.000000 -0.707100 0.707100 -0.1972 0.7392
mdl/japanese_fur_branch.png
  0 -79.020000 -105.440000 251.500000 0.000000 -0.707100 0.707100 0.9932 0.5172
  0 0.000000 -105.680000 220.210000 1.000000 0.000000 0.000000 0.6305 1.0032
  0 -0.100000 0.340000 324.690000 0.000000 -0.707100 0.707100 0.1126 0.5122
mdl/japanese_fur_branch.png
  0 -114.680000 -42.960000 217.540000 0.000000 0.000000 1.000000 0.691 -0.0008
  0 -79.020000 -105.440000 251.500000 0.000000 -0.707100 0.707100 0.9932 0.5172
  0 -0.100000 0.340000 324.690000 0.000000 -0.707100 0.707100 0.1126 0.5122
mdl/japanese_fur_branch.png
  0 -0.100000 0.340000 324.690000 0.000000 -0.707100 0.707100 -0.1972 0.7392
  0 -76.470000 -105.310000 269.320000 1.000000 0.000000 0.000000 0.9494 0.8375
  0 -79.020000 -105.440000 251.500000 0.000000 -0.707100 0.707100 1.076 0.639
mdl/japanese_fur_branch.png
  0 -0.270000 0.340000 265.000000 0.000000 0.588200 -0.808700 0.1126 0.5122
  0 41.510000 -125.020000 136.560000 1.000000 0.000000 0.000000 0.6305 1.0032
  0 -54.400000 -154.960000 166.140000 0.000000 0.588200 -0.808700 0.9932 0.5172
mdl/japanese_fur_branch.png
  0 -0.270000 0.340000 265.000000 0.000000 0.588200 -0.808700 0.1126 0.5122
  0 -54.400000 -154.960000 166.140000 0.000000 0.588200 -0.808700 0.9932 0.5172
  0 -121.490000 -92.670000 132.330000 0.000000 1.000000 0.000000 0.691 -0.0008
mdl/japanese_fur_branch.png
  0 -54.400000 -154.960000 166.140000 0.000000 0.588200 -0.808700 1.076 0.639
  0 -58.790000 -164.220000 203.520000 1.000000 0.000000 0.000000 0.9494 0.8375
  0 -0.270000 0.340000 265.000000 0.000000 0.588200 -0.808700 -0.1972 0.7392
mdl/japanese_fur_branch.png
  0 -54.400000 -154.960000 166.140000 0.000000 0.588200 -0.808700 0.9932 0.5172
  0 41.510000 -125.020000 136.560000 1.000000 0.000000 0.000000 0.6305 1.0032
  0 -0.270000 0.340000 265.000000 0.000000 0.588200 -0.808700 0.1126 0.5122
mdl/japanese_fur_branch.png
  0 -121.490000 -92.670000 132.330000 0.000000 1.000000 0.000000 0.691 -0.0008
  0 -54.400000 -154.960000 166.140000 0.000000 0.588200 -0.808700 0.9932 0.5172
  0 -0.270000 0.340000 265.000000 0.000000 0.588200 -0.808700 0.1126 0.5122
mdl/japanese_fur_branch.png
  0 -0.270000 0.340000 265.000000 0.000000 0.588200 -0.808700 -0.1972 0.7392
  0 -58.790000 -164.220000 203.520000 1.000000 0.000000 0.000000 0.9494 0.8375
  0 -54.400000 -154.960000 166.140000 0.000000 0.588200 -0.808700 1.076 0.639
mdl/japanese_fur_branch.png
  0 0.240000 0.210000 408.540000 -0.496100 0.000000 -0.868200 0.1126 0.5122
  0 -88.510000 -36.130000 310.170000 1.000000 0.000000 0.000000 0.6305 1.0032
  0 -115.220000 30.550000 340.960000 -0.496100 0.000000 -0.868200 0.9932 0.5172
mdl/japanese_fur_branch.png
  0 0.240000 0.210000 408.540000 -0.496100 0.000000 -0.868200 0.1126 0.5122
  0 -115.220000 30.550000 340.960000 -0.496100 0.000000 -0.868200 0.9932 0.5172
  0 -74.670000 81.870000 307.590000 -1.000000 0.000000 0.000000 0.691 -0.0008
mdl/japanese_fur_branch.png
  0 -115.220000 30.550000 340.960000 -0.496100 0.000000 -0.868200 1.076 0.639
  0 -114.380000 28.480000 366.090000 1.000000 0.000000 0.000000 0.9494 0.8375
  0 0.240000 0.210000 408.540000 -0.496100 0.000000 -0.868200 -0.1972 0.7392
mdl/japanese_fur_branch.png
  0 -115.220000 30.550000 340.960000 -0.496100 0.000000 -0.868200 0.9932 0.5172
  0 -88.510000 -36.130000 310.170000 1.000000 0.000000 0.000000 0.6305 1.0032
  0 0.240000 0.210000 408.540000 -0.496100 0.000000 -0.868200 0.1126 0.5122
mdl/japanese_fur_branch.png
  0 -74.670000 81.870000 307.590000 -1.000000 0.000000 0.000000 0.691 -0.0008
  0 -115.220000 30.550000 340.960000 -0.496100 0.000000 -0.868200 0.9932 0.5172
  0 0.240000 0.210000 408.540000 -0.496100 0.000000 -0.868200 0.1126 0.5122
mdl/japanese_fur_branch.png
  0 0.240000 0.210000 408.540000 -0.496100 0.000000 -0.868200 -0.1972 0.7392
  0 -114.380000 28.480000 366.090000 1.000000 0.000000 0.000000 0.9494 0.8375
  0 -115.220000 30.550000 340.960000 -0.496100 0.000000 -0.868200 1.076 0.639
mdl/japanese_fur_branch.png
  0 -0.180000 0.140000 426.970000 0.386200 -0.675900 0.627600 0.1126 0.5122
  0 27.300000 -68.960000 334.210000 1.000000 0.000000 0.000000 0.6305 1.0032
  0 -29.010000 -87.520000 361.110000 0.386200 -0.675900 0.627600 0.9932 0.5172
mdl/japanese_fur_branch.png
  0 -0.180000 0.140000 426.970000 0.386200 -0.675900 0.627600 0.1126 0.5122
  0 -29.010000 -87.520000 361.110000 0.386200 -0.675900 0.627600 0.9932 0.5172
  0 -69.240000 -51.310000 330.600000 0.707100 -0.707100 0.000000 0.691 -0.0008
mdl/japanese_fur_branch.png
  0 -29.010000 -87.520000 361.110000 0.386200 -0.675900 0.627600 1.076 0.639
  0 -27.710000 -88.270000 374.550000 1.000000 0.000000 0.000000 0.9494 0.8375
  0 -0.180000 0.140000 426.970000 0.386200 -0.675900 0.627600 -0.1972 0.7392
mdl/japanese_fur_branch.png
  0 -29.010000 -87.520000 361.110000 0.386200 -0.675900 0.627600 0.9932 0.5172
  0 27.300000 -68.960000 334.210000 1.000000 0.000000 0.000000 0.6305 1.0032
  0 -0.180000 0.140000 426.970000 0.386200 -0.675900 0.627600 0.1126 0.5122
mdl/japanese_fur_branch.png
  0 -69.240000 -51.310000 330.600000 0.707100 -0.707100 0.000000 0.691 -0.0008
  0 -29.010000 -87.520000 361.110000 0.386200 -0.675900 0.627600 0.9932 0.5172
  0 -0.180000 0.140000 426.970000 0.386200 -0.675900 0.627600 0.1126 0.5122
mdl/japanese_fur_branch.png
  0 -0.180000 0.140000 426.970000 0.386200 -0.675900 0.627600 -0.1972 0.7392
  0 -27.710000 -88.270000 374.550000 1.000000 0.000000 0.000000 0.9494 0.8375
  0 -29.010000 -87.520000 361.110000 0.386200 -0.675900 0.627600 1.076 0.639
mdl/japanese_fur_branch.png
  0 -0.140000 -0.270000 384.160000 0.982900 0.000000 0.184300 0.1126 0.5122
  0 55.360000 66.700000 298.410000 1.000000 0.000000 0.000000 0.6305 1.0032
  0 104.440000 27.290000 331.380000 0.982900 0.000000 0.184300 0.9932 0.5172
mdl/japanese_fur_branch.png
  0 -0.140000 -0.270000 384.160000 0.982900 0.000000 0.184300 0.1126 0.5122
  0 104.440000 27.290000 331.380000 0.982900 0.000000 0.184300 0.9932 0.5172
  0 95.870000 -29.340000 297.070000 1.000000 0.000000 0.000000 0.691 -0.0008
mdl/japanese_fur_branch.png
  0 104.440000 27.290000 331.380000 0.982900 0.000000 0.184300 1.076 0.639
  0 112.280000 30.270000 360.120000 1.000000 0.000000 0.000000 0.9494 0.8375
  0 -0.140000 -0.270000 384.160000 0.982900 0.000000 0.184300 -0.1972 0.7392
mdl/japanese_fur_branch.png
  0 104.440000 27.290000 331.380000 0.982900 0.000000 0.184300 0.9932 0.5172
  0 55.360000 66.700000 298.410000 1.000000 0.000000 0.000000 0.6305 1.0032
  0 -0.140000 -0.270000 384.160000 0.982900 0.000000 0.184300 0.1126 0.5122
mdl/japanese_fur_branch.png
  0 95.870000 -29.340000 297.070000 1.000000 0.000000 0.000000 0.691 -0.0008
  0 104.440000 27.290000 331.380000 0.982900 0.000000 0.184300 0.9932 0.5172
  0 -0.140000 -0.270000 384.160000 0.982900 0.000000 0.184300 0.1126 0.5122
mdl/japanese_fur_branch.png
  0 -0.140000 -0.270000 384.160000 0.982900 0.000000 0.184300 -0.1972 0.7392
  0 112.280000 30.270000 360.120000 1.000000 0.000000 0.000000 0.9494 0.8375
  0 104.440000 27.290000 331.380000 0.982900 0.000000 0.184300 1.076 0.639
mdl/japanese_fur_branch.png
  0 0.200000 -0.240000 408.460000 -0.970100 0.000000 -0.242500 0.1126 0.5122
  0 -37.620000 81.110000 318.240000 -0.707100 0.000000 -0.707100 0.6305 1.0032
  0 21.930000 109.250000 350.320000 -0.970100 0.000000 -0.242500 0.9932 0.5172
mdl/japanese_fur_branch.png
  0 0.200000 -0.240000 408.460000 -0.970100 0.000000 -0.242500 0.1126 0.5122
  0 21.930000 109.250000 350.320000 -0.970100 0.000000 -0.242500 0.9932 0.5172
  0 71.230000 75.120000 316.420000 0.000000 1.000000 0.000000 0.691 -0.0008
mdl/japanese_fur_branch.png
  0 21.930000 109.250000 350.320000 -0.970100 0.000000 -0.242500 1.076 0.639
  0 19.980000 107.860000 374.520000 1.000000 0.000000 0.000000 0.9494 0.8375
  0 0.200000 -0.240000 408.460000 -0.970100 0.000000 -0.242500 -0.1972 0.7392
mdl/japanese_fur_branch.png
  0 21.930000 109.250000 350.320000 -0.970100 0.000000 -0.242500 0.9932 0.5172
  0 -37.620000 81.110000 318.240000 -0.707100 0.000000 -0.707100 0.6305 1.0032
  0 0.200000 -0.240000 408.460000 -0.970100 0.000000 -0.242500 0.1126 0.5122
mdl/japanese_fur_branch.png
  0 71.230000 75.120000 316.420000 0.000000 1.000000 0.000000 0.691 -0.0008
  0 21.930000 109.250000 350.320000 -0.970100 0.000000 -0.242500 0.9932 0.5172
  0 0.200000 -0.240000 408.460000 -0.970100 0.000000 -0.242500 0.1126 0.5122
mdl/japanese_fur_branch.png
  0 0.200000 -0.240000 408.460000 -0.970100 0.000000 -0.242500 -0.1972 0.7392
  0 19.980000 107.860000 374.520000 1.000000 0.000000 0.000000 0.9494 0.8375
  0 21.930000 109.250000 350.320000 -0.970100 0.000000 -0.242500 1.076 0.639
mdl/japanese_fur_branch.png
  0 0.330000 -0.220000 338.040000 0.000000 0.000000 1.000000 0.1126 0.5122
  0 -75.660000 81.690000 236.380000 0.707100 0.000000 0.707100 0.6305 1.0032
  0 -17.250000 137.590000 270.250000 0.000000 0.000000 1.000000 0.9932 0.5172
mdl/japanese_fur_branch.png
  0 0.330000 -0.220000 338.040000 0.000000 0.000000 1.000000 0.1126 0.5122
  0 -17.250000 137.590000 270.250000 0.000000 0.000000 1.000000 0.9932 0.5172
  0 53.450000 117.180000 234.670000 -0.707100 0.000000 0.707100 0.691 -0.0008
mdl/japanese_fur_branch.png
  0 -17.250000 137.590000 270.250000 0.000000 0.000000 1.000000 1.076 0.639
  0 -18.910000 134.740000 288.390000 0.000000 -0.371400 -0.928500 0.9494 0.8375
  0 0.330000 -0.220000 338.040000 0.000000 0.000000 1.000000 -0.1972 0.7392
mdl/japanese_fur_branch.png
  0 -17.250000 137.590000 270.250000 0.000000 0.000000 1.000000 0.9932 0.5172
  0 -75.660000 81.690000 236.380000 0.707100 0.000000 0.707100 0.6305 1.0032
  0 0.330000 -0.220000 338.040000 0.000000 0.000000 1.000000 0.1126 0.5122
mdl/japanese_fur_branch.png
  0 53.450000 117.180000 234.670000 -0.707100 0.000000 0.707100 0.691 -0.0008
  0 -17.250000 137.590000 270.250000 0.000000 0.000000 1.000000 0.9932 0.5172
  0 0.330000 -0.220000 338.040000 0.000000 0.000000 1.000000 0.1126 0.5122
mdl/japanese_fur_branch.png
  0 0.330000 -0.220000 338.040000 0.000000 0.000000 1.000000 -0.1972 0.7392
  0 -18.910000 134.740000 288.390000 0.000000 -0.371400 -0.928500 0.9494 0.8375
  0 -17.250000 137.590000 270.250000 0.000000 0.000000 1.000000 1.076 0.639
mdl/japanese_fur_branch.png
  0 0.240000 0.310000 357.980000 1.000000 0.000000 0.000000 0.1126 0.5122
  0 -86.760000 -69.780000 256.320000 1.000000 0.000000 0.000000 0.6305 1.0032
  0 -138.460000 -7.610000 290.180000 1.000000 0.000000 0.000000 0.9932 0.5172
mdl/japanese_fur_branch.png
  0 0.240000 0.310000 357.980000 1.000000 0.000000 0.000000 0.1126 0.5122
  0 -138.460000 -7.610000 290.180000 1.000000 0.000000 0.000000 0.9932 0.5172
  0 -113.170000 61.490000 254.600000 1.000000 0.000000 0.000000 0.691 -0.0008
mdl/japanese_fur_branch.png
  0 -138.460000 -7.610000 290.180000 1.000000 0.000000 0.000000 1.076 0.639
  0 -135.730000 -9.470000 308.330000 1.000000 0.000000 0.000000 0.9494 0.8375
  0 0.240000 0.310000 357.980000 1.000000 0.000000 0.000000 -0.1972 0.7392
mdl/japanese_fur_branch.png
  0 -138.460000 -7.610000 290.180000 1.000000 0.000000 0.000000 0.9932 0.5172
  0 -86.760000 -69.780000 256.320000 1.000000 0.000000 0.000000 0.6305 1.0032
  0 0.240000 0.310000 357.980000 1.000000 0.000000 0.000000 0.1126 0.5122
mdl/japanese_fur_branch.png
  0 -113.170000 61.490000 254.600000 1.000000 0.000000 0.000000 0.691 -0.0008
  0 -138.460000 -7.610000 290.180000 1.000000 0.000000 0.000000 0.9932 0.5172
  0 0.240000 0.310000 357.980000 1.000000 0.000000 0.000000 0.1126 0.5122
mdl/japanese_fur_branch.png
  0 0.240000 0.310000 357.980000 1.000000 0.000000 0.000000 -0.1972 0.7392
  0 -135.730000 -9.470000 308.330000 1.000000 0.000000 0.000000 0.9494 0.8375
  0 -138.460000 -7.610000 290.180000 1.000000 0.000000 0.000000 1.076 0.639
mdl/japanese_fur_branch.png
  0 -0.020000 0.190000 455.100000 0.000000 1.000000 0.000000 0.1126 0.5122
  0 -8.060000 -56.530000 386.690000 1.000000 0.000000 0.000000 0.6305 1.0032
  0 -49.750000 -50.890000 417.970000 0.000000 1.000000 0.000000 0.9932 0.5172
mdl/japanese_fur_branch.png
  0 -0.020000 0.190000 455.100000 0.000000 1.000000 0.000000 0.1126 0.5122
  0 -49.750000 -50.890000 417.970000 0.000000 1.000000 0.000000 0.9932 0.5172
  0 -64.280000 -15.460000 385.530000 0.000000 0.707100 -0.707100 0.691 -0.0008
mdl/japanese_fur_branch.png
  0 -49.750000 -50.890000 417.970000 0.000000 1.000000 0.000000 0.9932 0.5172
  0 -8.060000 -56.530000 386.690000 1.000000 0.000000 0.000000 0.6305 1.0032
  0 -0.020000 0.190000 455.100000 0.000000 1.000000 0.000000 0.1126 0.5122
mdl/japanese_fur_branch.png
  0 -64.280000 -15.460000 385.530000 0.000000 0.707100 -0.707100 0.691 -0.0008
  0 -49.750000 -50.890000 417.970000 0.000000 1.000000 0.000000 0.9932 0.5172
  0 -0.020000 0.190000 455.100000 0.000000 1.000000 0.000000 0.1126 0.5122
mdl/japanese_fur_branch.png
  0 -0.180000 0.080000 469.310000 -0.894400 0.447200 0.000000 0.1126 0.5122
  0 43.020000 -37.550000 400.900000 -1.000000 0.000000 0.000000 0.6305 1.0032
  0 15.580000 -69.440000 432.180000 -0.894400 0.447200 0.000000 0.9932 0.5172
mdl/japanese_fur_branch.png
  0 -0.180000 0.080000 469.310000 -0.894400 0.447200 0.000000 0.1126 0.5122
  0 15.580000 -69.440000 432.180000 -0.894400 0.447200 0.000000 0.9932 0.5172
  0 -22.040000 -62.330000 399.740000 -0.707100 0.707100 0.000000 0.691 -0.0008
mdl/japanese_fur_branch.png
  0 15.580000 -69.440000 432.180000 -0.894400 0.447200 0.000000 0.9932 0.5172
  0 43.020000 -37.550000 400.900000 -1.000000 0.000000 0.000000 0.6305 1.0032
  0 -0.180000 0.080000 469.310000 -0.894400 0.447200 0.000000 0.1126 0.5122
mdl/japanese_fur_branch.png
  0 -22.040000 -62.330000 399.740000 -0.707100 0.707100 0.000000 0.691 -0.0008
  0 15.580000 -69.440000 432.180000 -0.894400 0.447200 0.000000 0.9932 0.5172
  0 -0.180000 0.080000 469.310000 -0.894400 0.447200 0.000000 0.1126 0.5122
mdl/japanese_fur_branch.png
  0 0.130000 0.150000 484.830000 1.000000 0.000000 0.000000 0.1126 0.5122
  0 -47.410000 -31.830000 416.420000 1.000000 0.000000 0.000000 0.6305 1.0032
  0 -71.110000 2.920000 447.700000 1.000000 0.000000 0.000000 0.9932 0.5172
mdl/japanese_fur_branch.png
  0 0.130000 0.150000 484.830000 1.000000 0.000000 0.000000 0.1126 0.5122
  0 -71.110000 2.920000 447.700000 1.000000 0.000000 0.000000 0.9932 0.5172
  0 -54.500000 37.420000 415.260000 1.000000 0.000000 0.000000 0.691 -0.0008
mdl/japanese_fur_branch.png
  0 -71.110000 2.920000 447.700000 1.000000 0.000000 0.000000 0.9932 0.5172
  0 -47.410000 -31.830000 416.420000 1.000000 0.000000 0.000000 0.6305 1.0032
  0 0.130000 0.150000 484.830000 1.000000 0.000000 0.000000 0.1126 0.5122
mdl/japanese_fur_branch.png
  0 -54.500000 37.420000 415.260000 1.000000 0.000000 0.000000 0.691 -0.0008
  0 -71.110000 2.920000 447.700000 1.000000 0.000000 0.000000 0.9932 0.5172
  0 0.130000 0.150000 484.830000 1.000000 0.000000 0.000000 0.1126 0.5122
mdl/japanese_fur_branch.png
  0 0.100000 0.070000 509.520000 -1.000000 0.000000 0.000000 0.1126 0.5122
  0 -34.400000 -13.470000 454.720000 1.000000 0.000000 0.000000 0.6305 1.0032
  0 -44.500000 11.800000 485.500000 -1.000000 0.000000 0.000000 0.9932 0.5172
mdl/japanese_fur_branch.png
  0 0.100000 0.070000 509.520000 -1.000000 0.000000 0.000000 0.1126 0.5122
  0 -44.500000 11.800000 485.500000 -1.000000 0.000000 0.000000 0.9932 0.5172
  0 -29.180000 31.270000 453.970000 -1.000000 0.000000 0.000000 0.691 -0.0008
mdl/japanese_fur_branch.png
  0 -44.500000 11.800000 485.500000 -1.000000 0.000000 0.000000 0.9932 0.5172
  0 -34.400000 -13.470000 454.720000 1.000000 0.000000 0.000000 0.6305 1.0032
  0 0.100000 0.070000 509.520000 -1.000000 0.000000 0.000000 0.1126 0.5122
mdl/japanese_fur_branch.png
  0 -29.180000 31.270000 453.970000 -1.000000 0.000000 0.000000 0.691 -0.0008
  0 -44.500000 11.800000 485.500000 -1.000000 0.000000 0.000000 0.9932 0.5172
  0 0.100000 0.070000 509.520000 -1.000000 0.000000 0.000000 0.1126 0.5122
mdl/japanese_fur_branch.png
  0 0.040000 -0.120000 524.420000 0.000000 0.000000 -1.000000 0.1126 0.5122
  0 -2.180000 36.880000 469.620000 1.000000 0.000000 0.000000 0.6305 1.0032
  0 24.970000 38.680000 500.400000 0.000000 0.000000 -1.000000 0.9932 0.5172
mdl/japanese_fur_branch.png
  0 0.040000 -0.120000 524.420000 0.000000 0.000000 -1.000000 0.1126 0.5122
  0 24.970000 38.680000 500.400000 0.000000 0.000000 -1.000000 0.9932 0.5172
  0 38.760000 18.090000 468.880000 1.000000 0.000000 0.000000 0.691 -0.0008
mdl/japanese_fur_branch.png
  0 24.970000 38.680000 500.400000 0.000000 0.000000 -1.000000 0.9932 0.5172
  0 -2.180000 36.880000 469.620000 1.000000 0.000000 0.000000 0.6305 1.0032
  0 0.040000 -0.120000 524.420000 0.000000 0.000000 -1.000000 0.1126 0.5122
mdl/japanese_fur_branch.png
  0 38.760000 18.090000 468.880000 1.000000 0.000000 0.000000 0.691 -0.0008
  0 24.970000 38.680000 500.400000 0.000000 0.000000 -1.000000 0.9932 0.5172
  0 0.040000 -0.120000 524.420000 0.000000 0.000000 -1.000000 0.1126 0.5122
mdl/japanese_fur_branch.png
  0 -0.120000 0.010000 541.190000 1.000000 0.000000 0.000000 0.1126 0.5122
  0 34.800000 -12.400000 486.390000 1.000000 0.000000 0.000000 0.6305 1.0032
  0 25.840000 -38.100000 517.170000 1.000000 0.000000 0.000000 0.9932 0.5172
mdl/japanese_fur_branch.png
  0 -0.120000 0.010000 541.190000 1.000000 0.000000 0.000000 0.1126 0.5122
  0 25.840000 -38.100000 517.170000 1.000000 0.000000 0.000000 0.9932 0.5172
  0 1.510000 -42.740000 485.650000 1.000000 0.000000 0.000000 0.691 -0.0008
mdl/japanese_fur_branch.png
  0 25.840000 -38.100000 517.170000 1.000000 0.000000 0.000000 0.9932 0.5172
  0 34.800000 -12.400000 486.390000 1.000000 0.000000 0.000000 0.6305 1.0032
  0 -0.120000 0.010000 541.190000 1.000000 0.000000 0.000000 0.1126 0.5122
mdl/japanese_fur_branch.png
  0 1.510000 -42.740000 485.650000 1.000000 0.000000 0.000000 0.691 -0.0008
  0 25.840000 -38.100000 517.170000 1.000000 0.000000 0.000000 0.9932 0.5172
  0 -0.120000 0.010000 541.190000 1.000000 0.000000 0.000000 0.1126 0.5122
mdl/japanese_fur_branch.png
  0 -0.160000 0.000000 494.950000 0.707100 0.000000 0.707100 0.1126 0.5122
  0 49.530000 -19.360000 442.620000 1.000000 0.000000 0.000000 0.6305 1.0032
  0 36.950000 -59.980000 473.920000 0.707100 0.000000 0.707100 0.9932 0.5172
mdl/japanese_fur_branch.png
  0 -0.160000 0.000000 494.950000 0.707100 0.000000 0.707100 0.1126 0.5122
  0 36.950000 -59.980000 473.920000 0.707100 0.000000 0.707100 0.9932 0.5172
  0 -0.790000 -68.550000 441.450000 1.000000 0.000000 0.000000 0.691 -0.0008
mdl/japanese_fur_branch.png
  0 36.950000 -59.980000 473.920000 0.707100 0.000000 0.707100 0.9932 0.5172
  0 49.530000 -19.360000 442.620000 1.000000 0.000000 0.000000 0.6305 1.0032
  0 -0.160000 0.000000 494.950000 0.707100 0.000000 0.707100 0.1126 0.5122
mdl/japanese_fur_branch.png
  0 -0.790000 -68.550000 441.450000 1.000000 0.000000 0.000000 0.691 -0.0008
  0 36.950000 -59.980000 473.920000 0.707100 0.000000 0.707100 0.9932 0.5172
  0 -0.160000 0.000000 494.950000 0.707100 0.000000 0.707100 0.1126 0.5122
mdl/japanese_fur_branch.png
  0 0.000000 -0.150000 475.870000 0.000000 0.000000 1.000000 0.1126 0.5122
  0 5.550000 51.810000 420.530000 1.000000 0.000000 0.000000 0.6305 1.0032
  0 45.170000 43.950000 451.760000 0.000000 0.000000 1.000000 0.9932 0.5172
mdl/japanese_fur_branch.png
  0 0.000000 -0.150000 475.870000 0.000000 0.000000 1.000000 0.1126 0.5122
  0 45.170000 43.950000 451.760000 0.000000 0.000000 1.000000 0.9932 0.5172
  0 57.020000 9.150000 419.420000 1.000000 0.000000 0.000000 0.691 -0.0008
mdl/japanese_fur_branch.png
  0 45.170000 43.950000 451.760000 0.000000 0.000000 1.000000 0.9932 0.5172
  0 5.550000 51.810000 420.530000 1.000000 0.000000 0.000000 0.6305 1.0032
  0 0.000000 -0.150000 475.870000 0.000000 0.000000 1.000000 0.1126 0.5122
mdl/japanese_fur_branch.png
  0 57.020000 9.150000 419.420000 1.000000 0.000000 0.000000 0.691 -0.0008
  0 45.170000 43.950000 451.760000 0.000000 0.000000 1.000000 0.9932 0.5172
  0 0.000000 -0.150000 475.870000 0.000000 0.000000 1.000000 0.1126 0.5122
mdl/japanese_fur_branch.png
  0 0.220000 -0.050000 455.160000 -0.218200 0.436400 0.872900 0.1126 0.5122
  0 -76.930000 36.280000 376.760000 0.000000 0.000000 1.000000 0.6305 1.0032
  0 -49.180000 89.120000 408.630000 -0.218200 0.436400 0.872900 0.9932 0.5172
mdl/japanese_fur_branch.png
  0 0.220000 -0.050000 455.160000 -0.218200 0.436400 0.872900 0.1126 0.5122
  0 -49.180000 89.120000 408.630000 -0.218200 0.436400 0.872900 0.9932 0.5172
  0 5.100000 91.310000 375.110000 -0.447200 0.894400 0.000000 0.691 -0.0008
mdl/japanese_fur_branch.png
  0 -49.180000 89.120000 408.630000 -0.218200 0.436400 0.872900 0.9932 0.5172
  0 -76.930000 36.280000 376.760000 0.000000 0.000000 1.000000 0.6305 1.0032
  0 0.220000 -0.050000 455.160000 -0.218200 0.436400 0.872900 0.1126 0.5122
mdl/japanese_fur_branch.png
  0 5.100000 91.310000 375.110000 -0.447200 0.894400 0.000000 0.691 -0.0008
  0 -49.180000 89.120000 408.630000 -0.218200 0.436400 0.872900 0.9932 0.5172
  0 0.220000 -0.050000 455.160000 -0.218200 0.436400 0.872900 0.1126 0.5122
mdl/japanese_fur_branch.png
  0 -0.170000 -0.090000 441.030000 -0.851700 0.000000 0.524100 0.1126 0.5122
  0 62.490000 15.540000 366.270000 -0.707100 0.000000 0.707100 0.6305 1.0032
  0 75.690000 -34.440000 397.880000 -0.851700 0.000000 0.524100 0.9932 0.5172
mdl/japanese_fur_branch.png
  0 -0.170000 -0.090000 441.030000 -0.851700 0.000000 0.524100 0.1126 0.5122
  0 75.690000 -34.440000 397.880000 -0.851700 0.000000 0.524100 0.9932 0.5172
  0 42.300000 -67.600000 364.850000 -1.000000 0.000000 0.000000 0.691 -0.0008
mdl/japanese_fur_branch.png
  0 75.690000 -34.440000 397.880000 -0.851700 0.000000 0.524100 0.9932 0.5172
  0 62.490000 15.540000 366.270000 -0.707100 0.000000 0.707100 0.6305 1.0032
  0 -0.170000 -0.090000 441.030000 -0.851700 0.000000 0.524100 0.1126 0.5122
mdl/japanese_fur_branch.png
  0 42.300000 -67.600000 364.850000 -1.000000 0.000000 0.000000 0.691 -0.0008
  0 75.690000 -34.440000 397.880000 -0.851700 0.000000 0.524100 0.9932 0.5172
  0 -0.170000 -0.090000 441.030000 -0.851700 0.000000 0.524100 0.1126 0.5122
mdl/japanese_fur_noleaves.png
  0 -46.180000 -47.630000 187.910000 0.000000 0.000000 -1.000000 0.6184 -0.0031
  0 0.290000 -107.740000 168.010000 0.164400 0.000000 -0.986400 0.997 0.5961
  0 0.200000 0.210000 225.570000 0.164400 0.000000 -0.986400 -0.0194 0.5913
mdl/japanese_fur_noleaves.png
  0 0.290000 -107.740000 168.010000 0.164400 0.000000 -0.986400 0.997 0.5961
  0 40.490000 -44.350000 187.810000 0.447200 0.000000 -0.894400 0.5699 1.0666
  0 0.200000 0.210000 225.570000 0.164400 0.000000 -0.986400 -0.0194 0.5913
mdl/japanese_fur_noleaves.png
  0 0.200000 0.210000 225.570000 0.164400 0.000000 -0.986400 -0.0194 0.5913
  0 0.290000 -107.740000 168.010000 0.164400 0.000000 -0.986400 0.997 0.5961
  0 -46.180000 -47.630000 187.910000 0.000000 0.000000 -1.000000 0.6184 -0.0031
mdl/japanese_fur_noleaves.png
  0 0.200000 0.210000 225.570000 0.164400 0.000000 -0.986400 -0.0194 0.5913
  0 40.490000 -44.350000 187.810000 0.447200 0.000000 -0.894400 0.5699 1.0666
  0 0.290000 -107.740000 168.010000 0.164400 0.000000 -0.986400 0.997 0.5961
mdl/japanese_fur_noleaves.png
  0 26.510000 91.790000 170.140000 1.000000 0.000000 0.000000 0.6184 -0.0031
  0 -73.210000 136.790000 155.680000 0.000000 0.600000 0.800000 0.997 0.5961
  0 -0.110000 -0.400000 238.560000 0.000000 0.600000 0.800000 -0.0194 0.5913
mdl/japanese_fur_noleaves.png
  0 -73.210000 136.790000 155.680000 0.000000 0.600000 0.800000 0.997 0.5961
  0 -81.470000 29.010000 169.990000 0.000000 1.000000 0.000000 0.5699 1.0666
  0 -0.110000 -0.400000 238.560000 0.000000 0.600000 0.800000 -0.0194 0.5913
mdl/japanese_fur_noleaves.png
  0 -0.110000 -0.400000 238.560000 0.000000 0.600000 0.800000 -0.0194 0.5913
  0 -73.210000 136.790000 155.680000 0.000000 0.600000 0.800000 0.997 0.5961
  0 26.510000 91.790000 170.140000 1.000000 0.000000 0.000000 0.6184 -0.0031
mdl/japanese_fur_noleaves.png
  0 -0.110000 -0.400000 238.560000 0.000000 0.600000 0.800000 -0.0194 0.5913
  0 -81.470000 29.010000 169.990000 0.000000 1.000000 0.000000 0.5699 1.0666
  0 -73.210000 136.790000 155.680000 0.000000 0.600000 0.800000 0.997 0.5961
mdl/japanese_fur_noleaves.png
  0 75.180000 -43.600000 120.360000 0.000000 1.000000 0.000000 0.6184 -0.0031
  0 136.860000 34.510000 118.710000 -0.218200 0.872900 0.436400 0.997 0.5961
  0 -0.330000 0.180000 194.110000 -0.218200 0.872900 0.436400 -0.0194 0.5913
mdl/japanese_fur_noleaves.png
  0 136.860000 34.510000 118.710000 -0.218200 0.872900 0.436400 0.997 0.5961
  0 43.540000 65.530000 120.230000 1.000000 0.000000 0.000000 0.5699 1.0666
  0 -0.330000 0.180000 194.110000 -0.218200 0.872900 0.436400 -0.0194 0.5913
mdl/japanese_fur_noleaves.png
  0 -0.330000 0.180000 194.110000 -0.218200 0.872900 0.436400 -0.0194 0.5913
  0 136.860000 34.510000 118.710000 -0.218200 0.872900 0.436400 0.997 0.5961
  0 75.180000 -43.600000 120.360000 0.000000 1.000000 0.000000 0.6184 -0.0031
mdl/japanese_fur_noleaves.png
  0 -0.330000 0.180000 194.110000 -0.218200 0.872900 0.436400 -0.0194 0.5913
  0 43.540000 65.530000 120.230000 1.000000 0.000000 0.000000 0.5699 1.0666
  0 136.860000 34.510000 118.710000 -0.218200 0.872900 0.436400 0.997 0.5961
mdl/japanese_fur_top.png
  0 31.710000 0.200000 436.070000 1.000000 0.000000 0.000000 0.9627 0.0005
  0 31.710000 0.200000 732.370000 1.000000 0.000000 0.000000 0.9627 0.9995
  0 -31.430000 0.200000 436.070000 1.000000 0.000000 0.000000 0.0531 0.0005
mdl/japanese_fur_top.png
  0 -31.430000 0.200000 732.370000 1.000000 0.000000 0.000000 0.0531 0.9995
  0 -31.430000 0.200000 436.070000 1.000000 0.000000 0.000000 0.0531 0.0005
  0 31.710000 0.200000 732.370000 1.000000 0.000000 0.000000 0.9627 0.9995
mdl/japanese_fur_top.png
  0 0.130000 31.770000 450.600000 1.000000 0.000000 0.000000 0.9627 0.0005
  0 0.130000 31.770000 746.900000 1.000000 0.000000 0.000000 0.9627 0.9995
  0 0.130000 -31.370000 450.600000 1.000000 0.000000 0.000000 0.0531 0.0005
mdl/japanese_fur_top.png
  0 0.130000 -31.370000 746.900000 1.000000 0.000000 0.000000 0.0531 0.9995
  0 0.130000 -31.370000 450.600000 1.000000 0.000000 0.000000 0.0531 0.0005
  0 0.130000 31.770000 746.900000 1.000000 0.000000 0.000000 0.9627 0.9995
mdl/japanese_fur_top.png
  0 -31.430000 0.200000 436.070000 1.000000 0.000000 0.000000 0.0531 0.0005
  0 31.710000 0.200000 732.370000 1.000000 0.000000 0.000000 0.9627 0.9995
  0 31.710000 0.200000 436.070000 1.000000 0.000000 0.000000 0.9627 0.0005
mdl/japanese_fur_top.png
  0 31.710000 0.200000 732.370000 1.000000 0.000000 0.000000 0.9627 0.9995
  0 -31.430000 0.200000 436.070000 1.000000 0.000000 0.000000 0.0531 0.0005
  0 -31.430000 0.200000 732.370000 1.000000 0.000000 0.000000 0.0531 0.9995
mdl/japanese_fur_top.png
  0 0.130000 -31.370000 450.600000 1.000000 0.000000 0.000000 0.0531 0.0005
  0 0.130000 31.770000 746.900000 1.000000 0.000000 0.000000 0.9627 0.9995
  0 0.130000 31.770000 450.600000 1.000000 0.000000 0.000000 0.9627 0.0005
mdl/japanese_fur_top.png
  0 0.130000 31.770000 746.900000 1.000000 0.000000 0.000000 0.9627 0.9995
  0 0.130000 -31.370000 450.600000 1.000000 0.000000 0.000000 0.0531 0.0005
  0 0.130000 -31.370000 746.900000 1.000000 0.000000 0.000000 0.0531 0.9995
mdl/japanese_fur_bark.png
  0 9.000000 15.580000 -16.380000 0.499900 0.865800 0.023400 0.9064 0.003
  0 0.000000 0.000000 751.610000 0.000000 0.000000 1.000000 0.5 5.997
  0 18.000000 0.000000 -16.380000 0.999700 0.000000 0.023400 0.75 0.003
mdl/japanese_fur_bark.png
  0 -9.000000 15.580000 -16.380000 -0.499900 0.865800 0.023400 0.0936 0.003
  0 0.000000 0.000000 751.610000 0.000000 0.000000 1.000000 0.5 5.997
  0 9.000000 15.580000 -16.380000 0.499900 0.865800 0.023400 -0.0936 0.003
mdl/japanese_fur_bark.png
  0 -18.000000 0.000000 -16.380000 -0.999700 0.000000 0.023400 0.25 0.003
  0 0.000000 0.000000 751.610000 0.000000 0.000000 1.000000 0.5 5.997
  0 -9.000000 15.580000 -16.380000 -0.499900 0.865800 0.023400 0.0936 0.003
mdl/japanese_fur_bark.png
  0 -9.000000 -15.580000 -16.380000 -0.499900 -0.865800 0.023400 0.4064 0.003
  0 0.000000 0.000000 751.610000 0.000000 0.000000 1.000000 0.5 5.997
  0 -18.000000 0.000000 -16.380000 -0.999700 0.000000 0.023400 0.25 0.003
mdl/japanese_fur_bark.png
  0 9.000000 -15.580000 -16.380000 0.499900 -0.865800 0.023400 0.5936 0.003
  0 0.000000 0.000000 751.610000 0.000000 0.000000 1.000000 0.5 5.997
  0 -9.000000 -15.580000 -16.380000 -0.499900 -0.865800 0.023400 0.4064 0.003
mdl/japanese_fur_bark.png
  0 18.000000 0.000000 -16.380000 0.999700 0.000000 0.023400 0.75 0.003
  0 0.000000 0.000000 751.610000 0.000000 0.000000 1.000000 0.5 5.997
  0 9.000000 -15.580000 -16.380000 0.499900 -0.865800 0.023400 0.5936 0.003
end
