version 1
nodes
  0 "plant"  -1
  1 "Box01"  -1
  2 "Object01"  -1
  3 "Plane13"  -1
  4 "Box02"  -1
  5 "Box03"  -1
  6 "Plane12"  -1
  7 "Plane09"  -1
  8 "Plane10"  -1
  9 "Plane11"  -1
 10 "Box04"  -1
 11 "plant01"  -1
 12 "plant02"  -1
end
skeleton
time 0
  0 39.132790 6.756010 16.766090 0.000000 0.000000 -3.141593
  1 3.356804 18.507460 -16.362220 0.000000 0.000000 -3.141593
  2 48.623120 -19.016360 -2.441726 0.000000 0.000000 0.000000
  3 -47.742700 57.490300 87.510580 0.000000 0.000000 -2.504547
  4 -18.286180 -7.569400 0.607738 0.000000 0.000000 -3.141593
  5 33.374200 18.507440 -16.362220 0.000000 0.000000 -3.141593
  6 -29.375910 57.490300 87.510580 0.000000 0.000000 -2.504547
  7 28.697420 18.293520 87.510580 0.000000 0.000000 1.230457
  8 10.262880 18.293520 87.510580 0.000000 0.000000 -0.200713
  9 -16.431270 57.490300 87.510580 0.000000 0.000000 -2.504547
 10 2.740844 18.507440 -16.362220 0.000000 0.000000 -3.141593
 11 -29.862340 6.756010 11.984650 0.000000 0.000000 0.000000
 12 21.680880 30.052520 11.984650 0.000000 0.000000 0.000000
end
triangles
mdl/plants_marine.png
  4 -10.556180 9.600601 61.497740 -1.000000 0.000000 0.000000 0.3193 0.9163
  4 -26.136180 9.600599 55.257740 0.000000 1.000000 0.000000 0.705 0.9163
  4 -7.756179 0.640602 4.757738 0.000000 1.000000 0.000000 0.3193 0.04
mdl/plants_marine.png
  4 -34.236180 -3.479402 -5.422262 -1.000000 0.000000 0.000000 0.705 0.04
  4 -7.756179 0.640602 4.757738 0.000000 1.000000 0.000000 0.3193 0.04
  4 -26.136180 9.600599 55.257740 0.000000 1.000000 0.000000 0.705 0.9163
mdl/plants_marine.png
  4 -34.236180 -3.479402 -5.422262 -1.000000 0.000000 0.000000 0.705 0.04
  4 -26.136180 9.600599 55.257740 0.000000 1.000000 0.000000 0.705 0.9163
  4 -7.756179 0.640602 4.757738 0.000000 1.000000 0.000000 0.3193 0.04
mdl/plants_marine.png
  4 -10.556180 9.600601 61.497740 -1.000000 0.000000 0.000000 0.3193 0.9163
  4 -7.756179 0.640602 4.757738 0.000000 1.000000 0.000000 0.3193 0.04
  4 -26.136180 9.600599 55.257740 0.000000 1.000000 0.000000 0.705 0.9163
mdl/plants_marine.png
  4 -26.236180 13.560600 61.687740 -1.000000 0.000000 0.000000 0.3193 0.9163
  4 -26.236180 -16.179400 61.687740 0.999700 0.024200 0.000000 0.705 0.9163
  4 -23.256180 13.560600 1.307738 0.999700 0.024200 0.000000 0.3193 0.04
mdl/plants_marine.png
  4 -21.506170 -29.859400 -1.602262 -1.000000 0.000000 0.000000 0.705 0.04
  4 -23.256180 13.560600 1.307738 0.999700 0.024200 0.000000 0.3193 0.04
  4 -26.236180 -16.179400 61.687740 0.999700 0.024200 0.000000 0.705 0.9163
mdl/plants_marine.png
  4 -21.506170 -29.859400 -1.602262 -1.000000 0.000000 0.000000 0.705 0.04
  4 -26.236180 -16.179400 61.687740 0.999700 0.024200 0.000000 0.705 0.9163
  4 -23.256180 13.560600 1.307738 0.999700 0.024200 0.000000 0.3193 0.04
mdl/plants_marine.png
  4 -26.236180 13.560600 61.687740 -1.000000 0.000000 0.000000 0.3193 0.9163
  4 -23.256180 13.560600 1.307738 0.999700 0.024200 0.000000 0.3193 0.04
  4 -26.236180 -16.179400 61.687740 0.999700 0.024200 0.000000 0.705 0.9163
mdl/plants_marine.png
  4 -7.646176 -14.089400 61.967740 -1.000000 0.000000 0.000000 0.3193 0.9163
  4 -22.456170 -22.439400 56.037740 0.000000 0.000000 -1.000000 0.705 0.9163
  4 -6.436178 -5.579398 4.587738 0.000000 0.000000 -1.000000 0.3193 0.04
mdl/plants_marine.png
  4 -32.826180 -13.849400 -5.352262 -1.000000 0.000000 0.000000 0.705 0.04
  4 -6.436178 -5.579398 4.587738 0.000000 0.000000 -1.000000 0.3193 0.04
  4 -22.456170 -22.439400 56.037740 0.000000 0.000000 -1.000000 0.705 0.9163
mdl/plants_marine.png
  4 -32.826180 -13.849400 -5.352262 -1.000000 0.000000 0.000000 0.705 0.04
  4 -22.456170 -22.439400 56.037740 0.000000 0.000000 -1.000000 0.705 0.9163
  4 -6.436178 -5.579398 4.587738 0.000000 0.000000 -1.000000 0.3193 0.04
mdl/plants_marine.png
  4 -7.646176 -14.089400 61.967740 -1.000000 0.000000 0.000000 0.3193 0.9163
  4 -6.436178 -5.579398 4.587738 0.000000 0.000000 -1.000000 0.3193 0.04
  4 -22.456170 -22.439400 56.037740 0.000000 0.000000 -1.000000 0.705 0.9163
mdl/plants_marine.png
  4 -25.836170 -35.419400 64.697730 -1.000000 0.000000 0.000000 0.3193 0.9163
  4 -17.116180 -9.189400 68.187740 -1.000000 0.000000 0.000000 0.705 0.9163
  4 -27.716170 -30.399400 -0.852262 -1.000000 0.000000 0.000000 0.3193 0.04
mdl/plants_marine.png
  4 -14.166180 10.190600 -0.142262 -1.000000 0.000000 0.000000 0.705 0.04
  4 -27.716170 -30.399400 -0.852262 -1.000000 0.000000 0.000000 0.3193 0.04
  4 -17.116180 -9.189400 68.187740 -1.000000 0.000000 0.000000 0.705 0.9163
mdl/plants_marine.png
  4 -14.166180 10.190600 -0.142262 -1.000000 0.000000 0.000000 0.705 0.04
  4 -17.116180 -9.189400 68.187740 -1.000000 0.000000 0.000000 0.705 0.9163
  4 -27.716170 -30.399400 -0.852262 -1.000000 0.000000 0.000000 0.3193 0.04
mdl/plants_marine.png
  4 -25.836170 -35.419400 64.697730 -1.000000 0.000000 0.000000 0.3193 0.9163
  4 -27.716170 -30.399400 -0.852262 -1.000000 0.000000 0.000000 0.3193 0.04
  4 -17.116180 -9.189400 68.187740 -1.000000 0.000000 0.000000 0.705 0.9163
mdl/plants_marine.png
  4 -40.566180 1.020597 55.917740 -1.000000 0.000000 0.000000 0.3193 0.9163
  4 -32.626170 -22.809400 59.087740 0.000000 1.000000 0.000000 0.705 0.9163
  4 -33.156180 5.580597 -0.032262 0.000000 1.000000 0.000000 0.3193 0.04
mdl/plants_marine.png
  4 -13.516180 -27.119400 1.307738 -1.000000 0.000000 0.000000 0.705 0.04
  4 -33.156180 5.580597 -0.032262 0.000000 1.000000 0.000000 0.3193 0.04
  4 -32.626170 -22.809400 59.087740 0.000000 1.000000 0.000000 0.705 0.9163
mdl/plants_marine.png
  4 -13.516180 -27.119400 1.307738 -1.000000 0.000000 0.000000 0.705 0.04
  4 -32.626170 -22.809400 59.087740 0.000000 1.000000 0.000000 0.705 0.9163
  4 -33.156180 5.580597 -0.032262 0.000000 1.000000 0.000000 0.3193 0.04
mdl/plants_marine.png
  4 -40.566180 1.020597 55.917740 -1.000000 0.000000 0.000000 0.3193 0.9163
  4 -33.156180 5.580597 -0.032262 0.000000 1.000000 0.000000 0.3193 0.04
  4 -32.626170 -22.809400 59.087740 0.000000 1.000000 0.000000 0.705 0.9163
mdl/plants_marine.png
  5 52.814190 48.807440 75.567780 -1.000000 0.000000 0.000000 0.0021 1.0051
  5 3.554194 48.807430 68.637780 -1.000000 0.000000 0.000000 0.2959 1.0051
  5 61.664200 31.107440 12.597780 -1.000000 0.000000 0.000000 0.0021 0.0061
mdl/plants_marine.png
  5 -3.335802 25.547430 -8.672222 -1.000000 0.000000 0.000000 0.2959 0.0061
  5 61.664200 31.107440 12.597780 -1.000000 0.000000 0.000000 0.0021 0.0061
  5 3.554194 48.807430 68.637780 -1.000000 0.000000 0.000000 0.2959 1.0051
mdl/plants_marine.png
  5 -3.335802 25.547430 -8.672222 -1.000000 0.000000 0.000000 0.2959 0.0061
  5 3.554194 48.807430 68.637780 -1.000000 0.000000 0.000000 0.2959 1.0051
  5 61.664200 31.107440 12.597780 -1.000000 0.000000 0.000000 0.0021 0.0061
mdl/plants_marine.png
  5 52.814190 48.807440 75.567780 -1.000000 0.000000 0.000000 0.0021 1.0051
  5 61.664200 31.107440 12.597780 -1.000000 0.000000 0.000000 0.0021 0.0061
  5 3.554194 48.807430 68.637780 -1.000000 0.000000 0.000000 0.2959 1.0051
mdl/plants_marine.png
  5 18.274190 57.387440 76.417780 -1.000000 0.000000 0.000000 0.0021 1.0051
  5 18.274200 -1.362566 76.417780 0.000000 0.000000 1.000000 0.2959 1.0051
  5 27.684190 57.387440 9.407778 0.000000 0.000000 1.000000 0.0021 0.0061
mdl/plants_marine.png
  5 29.464200 -19.822570 -3.252223 -1.000000 0.000000 0.000000 0.2959 0.0061
  5 27.684190 57.387440 9.407778 0.000000 0.000000 1.000000 0.0021 0.0061
  5 18.274200 -1.362566 76.417780 0.000000 0.000000 1.000000 0.2959 1.0051
mdl/plants_marine.png
  5 29.464200 -19.822570 -3.252223 -1.000000 0.000000 0.000000 0.2959 0.0061
  5 18.274200 -1.362566 76.417780 0.000000 0.000000 1.000000 0.2959 1.0051
  5 27.684190 57.387440 9.407778 0.000000 0.000000 1.000000 0.0021 0.0061
mdl/plants_marine.png
  5 18.274190 57.387440 76.417780 -1.000000 0.000000 0.000000 0.0021 1.0051
  5 27.684190 57.387440 9.407778 0.000000 0.000000 1.000000 0.0021 0.0061
  5 18.274200 -1.362566 76.417780 0.000000 0.000000 1.000000 0.2959 1.0051
mdl/plants_marine.png
  5 58.224200 7.277441 76.307780 -1.000000 0.000000 0.000000 0.0021 1.0051
  5 11.374200 -9.222566 69.717780 0.436400 -0.872900 -0.218200 0.2959 1.0051
  5 62.034190 24.107440 12.627780 0.436400 -0.872900 -0.218200 0.0021 0.0061
mdl/plants_marine.png
  5 -1.485801 7.707432 -8.432222 -1.000000 0.000000 0.000000 0.2959 0.0061
  5 62.034190 24.107440 12.627780 0.436400 -0.872900 -0.218200 0.0021 0.0061
  5 11.374200 -9.222566 69.717780 0.436400 -0.872900 -0.218200 0.2959 1.0051
mdl/plants_marine.png
  5 -1.485801 7.707432 -8.432222 -1.000000 0.000000 0.000000 0.2959 0.0061
  5 11.374200 -9.222566 69.717780 0.436400 -0.872900 -0.218200 0.2959 1.0051
  5 62.034190 24.107440 12.627780 0.436400 -0.872900 -0.218200 0.0021 0.0061
mdl/plants_marine.png
  5 58.224200 7.277441 76.307780 -1.000000 0.000000 0.000000 0.0021 1.0051
  5 62.034190 24.107440 12.627780 0.436400 -0.872900 -0.218200 0.0021 0.0061
  5 11.374200 -9.222566 69.717780 0.436400 -0.872900 -0.218200 0.2959 1.0051
mdl/plants_marine.png
  5 17.084200 -32.052570 81.247780 -1.000000 0.000000 0.000000 0.0021 1.0051
  5 44.674200 19.747440 85.127780 -1.000000 0.000000 0.000000 0.2959 1.0051
  5 11.164210 -22.142570 8.497778 -1.000000 0.000000 0.000000 0.0021 0.0061
mdl/plants_marine.png
  5 44.774190 49.047440 -0.372223 -1.000000 0.000000 0.000000 0.2959 0.0061
  5 11.164210 -22.142570 8.497778 -1.000000 0.000000 0.000000 0.0021 0.0061
  5 44.674200 19.747440 85.127780 -1.000000 0.000000 0.000000 0.2959 1.0051
mdl/plants_marine.png
  5 44.774190 49.047440 -0.372223 -1.000000 0.000000 0.000000 0.2959 0.0061
  5 44.674200 19.747440 85.127780 -1.000000 0.000000 0.000000 0.2959 1.0051
  5 11.164210 -22.142570 8.497778 -1.000000 0.000000 0.000000 0.0021 0.0061
mdl/plants_marine.png
  5 17.084200 -32.052570 81.247780 -1.000000 0.000000 0.000000 0.0021 1.0051
  5 11.164210 -22.142570 8.497778 -1.000000 0.000000 0.000000 0.0021 0.0061
  5 44.674200 19.747440 85.127780 -1.000000 0.000000 0.000000 0.2959 1.0051
mdl/plants_marine.png
  5 -12.315800 34.927430 68.027780 -1.000000 0.000000 0.000000 0.0021 1.0051
  5 12.764200 -12.162570 71.557780 0.000000 0.707100 -0.707100 0.2959 1.0051
  5 11.094190 43.937430 5.937777 0.000000 0.707100 -0.707100 0.0021 0.0061
mdl/plants_marine.png
  5 51.814210 -15.122560 -0.692223 -1.000000 0.000000 0.000000 0.2959 0.0061
  5 11.094190 43.937430 5.937777 0.000000 0.707100 -0.707100 0.0021 0.0061
  5 12.764200 -12.162570 71.557780 0.000000 0.707100 -0.707100 0.2959 1.0051
mdl/plants_marine.png
  5 51.814210 -15.122560 -0.692223 -1.000000 0.000000 0.000000 0.2959 0.0061
  5 12.764200 -12.162570 71.557780 0.000000 0.707100 -0.707100 0.2959 1.0051
  5 11.094190 43.937430 5.937777 0.000000 0.707100 -0.707100 0.0021 0.0061
mdl/plants_marine.png
  5 -12.315800 34.927430 68.027780 -1.000000 0.000000 0.000000 0.0021 1.0051
  5 11.094190 43.937430 5.937777 0.000000 0.707100 -0.707100 0.0021 0.0061
  5 12.764200 -12.162570 71.557780 0.000000 0.707100 -0.707100 0.2959 1.0051
mdl/plants_marine.png
  6 6.927678 31.595400 140.370600 -0.217000 0.218300 -0.951400 0.8667 0.7568
  6 -9.922538 34.714240 136.800600 0.226600 0.117500 -0.966900 0.9743 0.5179
  6 8.018909 48.512710 133.690600 -0.248100 -0.342100 -0.906300 0.7591 0.5179
mdl/plants_marine.png
  6 6.927678 31.595400 140.370600 -0.217000 0.218300 -0.951400 0.8667 0.7568
  6 8.018909 48.512710 133.690600 -0.248100 -0.342100 -0.906300 0.7591 0.5179
  6 14.811140 39.232670 131.690600 -0.644300 0.012800 -0.764700 0.7591 0.7568
mdl/plants_marine.png
  6 -9.922538 34.714240 136.800600 0.226600 0.117500 -0.966900 0.9743 0.5179
  6 6.927678 31.595400 140.370600 -0.217000 0.218300 -0.951400 0.8667 0.7568
  6 -3.817746 25.522640 132.070600 0.339200 0.494500 -0.800200 0.9774 0.7568
mdl/plants_marine.png
  6 21.141340 30.257620 126.740600 -0.478800 0.139500 -0.866700 0.7591 0.9957
  6 12.493270 23.149300 130.380600 -0.599500 0.290400 -0.745800 0.8667 0.9957
  6 14.811140 39.232670 131.690600 -0.644300 0.012800 -0.764700 0.7591 0.7568
mdl/plants_marine.png
  6 6.927678 31.595400 140.370600 -0.217000 0.218300 -0.951400 0.8667 0.7568
  6 14.811140 39.232670 131.690600 -0.644300 0.012800 -0.764700 0.7591 0.7568
  6 12.493270 23.149300 130.380600 -0.599500 0.290400 -0.745800 0.8667 0.9957
mdl/plants_marine.png
  6 12.493270 23.149300 130.380600 -0.599500 0.290400 -0.745800 0.8667 0.9957
  6 3.389110 16.337930 131.070600 -0.029100 0.525400 -0.850400 0.9743 0.9957
  6 6.927678 31.595400 140.370600 -0.217000 0.218300 -0.951400 0.8667 0.7568
mdl/plants_marine.png
  6 -3.817746 25.522640 132.070600 0.339200 0.494500 -0.800200 0.9774 0.7568
  6 6.927678 31.595400 140.370600 -0.217000 0.218300 -0.951400 0.8667 0.7568
  6 3.389110 16.337930 131.070600 -0.029100 0.525400 -0.850400 0.9743 0.9957
mdl/plants_marine.png
  6 8.018909 48.512710 133.910600 0.248100 0.342100 0.906300 0.7591 0.5179
  6 -9.922538 34.714240 137.020600 -0.226600 -0.117500 0.966900 0.9743 0.5179
  6 6.927678 31.595400 140.590600 0.217000 -0.218300 0.951400 0.8667 0.7568
mdl/plants_marine.png
  6 14.811140 39.232670 131.900600 0.644300 -0.012800 0.764700 0.7591 0.7568
  6 8.018909 48.512710 133.910600 0.248100 0.342100 0.906300 0.7591 0.5179
  6 6.927678 31.595400 140.590600 0.217000 -0.218300 0.951400 0.8667 0.7568
mdl/plants_marine.png
  6 -3.817746 25.522640 132.280600 -0.339200 -0.494500 0.800200 0.9774 0.7568
  6 6.927678 31.595400 140.590600 0.217000 -0.218300 0.951400 0.8667 0.7568
  6 -9.922538 34.714240 137.020600 -0.226600 -0.117500 0.966900 0.9743 0.5179
mdl/plants_marine.png
  6 14.811140 39.232670 131.900600 0.644300 -0.012800 0.764700 0.7591 0.7568
  6 12.493270 23.149300 130.590600 0.599500 -0.290400 0.745800 0.8667 0.9957
  6 21.141340 30.257620 126.960600 0.478800 -0.139500 0.866700 0.7591 0.9957
mdl/plants_marine.png
  6 12.493270 23.149300 130.590600 0.599500 -0.290400 0.745800 0.8667 0.9957
  6 14.811140 39.232670 131.900600 0.644300 -0.012800 0.764700 0.7591 0.7568
  6 6.927678 31.595400 140.590600 0.217000 -0.218300 0.951400 0.8667 0.7568
mdl/plants_marine.png
  6 6.927678 31.595400 140.590600 0.217000 -0.218300 0.951400 0.8667 0.7568
  6 3.389110 16.337930 131.280600 0.029100 -0.525400 0.850400 0.9743 0.9957
  6 12.493270 23.149300 130.590600 0.599500 -0.290400 0.745800 0.8667 0.9957
mdl/plants_marine.png
  6 3.389110 16.337930 131.280600 0.029100 -0.525400 0.850400 0.9743 0.9957
  6 6.927678 31.595400 140.590600 0.217000 -0.218300 0.951400 0.8667 0.7568
  6 -3.817746 25.522640 132.280600 -0.339200 -0.494500 0.800200 0.9774 0.7568
mdl/plants_marine.png
  6 7.976043 31.338630 126.330600 0.128400 -0.093100 -0.987300 0.8667 0.7568
  6 -9.902096 22.699860 114.460600 0.537500 0.043900 -0.842100 0.9743 0.5179
  6 3.780435 49.382080 110.940600 0.310700 -0.573800 -0.757800 0.7591 0.5179
mdl/plants_marine.png
  6 7.976043 31.338630 126.330600 0.128400 -0.093100 -0.987300 0.8667 0.7568
  6 3.780435 49.382080 110.940600 0.310700 -0.573800 -0.757800 0.7591 0.5179
  6 17.150260 43.115650 115.400600 -0.214500 -0.450200 -0.866800 0.7591 0.7568
mdl/plants_marine.png
  6 -9.902096 22.699860 114.460600 0.537500 0.043900 -0.842100 0.9743 0.5179
  6 7.976043 31.338630 126.330600 0.128400 -0.093100 -0.987300 0.8667 0.7568
  6 4.169296 15.434880 115.400600 0.408200 0.448500 -0.795100 0.9774 0.7568
mdl/plants_marine.png
  6 31.473910 36.199040 116.080600 -0.088400 -0.277400 -0.956700 0.7591 0.9957
  6 23.956540 23.309300 120.520600 -0.297900 -0.189900 -0.935500 0.8667 0.9957
  6 17.150260 43.115650 115.400600 -0.214500 -0.450200 -0.866800 0.7591 0.7568
mdl/plants_marine.png
  6 7.976043 31.338630 126.330600 0.128400 -0.093100 -0.987300 0.8667 0.7568
  6 17.150260 43.115650 115.400600 -0.214500 -0.450200 -0.866800 0.7591 0.7568
  6 23.956540 23.309300 120.520600 -0.297900 -0.189900 -0.935500 0.8667 0.9957
mdl/plants_marine.png
  6 23.956540 23.309300 120.520600 -0.297900 -0.189900 -0.935500 0.8667 0.9957
  6 17.395090 9.783380 121.170600 0.116000 0.279100 -0.953200 0.9743 0.9957
  6 7.976043 31.338630 126.330600 0.128400 -0.093100 -0.987300 0.8667 0.7568
mdl/plants_marine.png
  6 4.169296 15.434880 115.400600 0.408200 0.448500 -0.795100 0.9774 0.7568
  6 7.976043 31.338630 126.330600 0.128400 -0.093100 -0.987300 0.8667 0.7568
  6 17.395090 9.783380 121.170600 0.116000 0.279100 -0.953200 0.9743 0.9957
mdl/plants_marine.png
  6 3.780435 49.382080 111.160600 -0.310700 0.573800 0.757800 0.7591 0.5179
  6 -9.902096 22.699860 114.680600 -0.537500 -0.043900 0.842100 0.9743 0.5179
  6 7.976043 31.338630 126.550600 -0.128400 0.093100 0.987300 0.8667 0.7568
mdl/plants_marine.png
  6 17.150260 43.115650 115.620600 0.214500 0.450200 0.866800 0.7591 0.7568
  6 3.780435 49.382080 111.160600 -0.310700 0.573800 0.757800 0.7591 0.5179
  6 7.976043 31.338630 126.550600 -0.128400 0.093100 0.987300 0.8667 0.7568
mdl/plants_marine.png
  6 4.169296 15.434880 115.620600 -0.408200 -0.448500 0.795100 0.9774 0.7568
  6 7.976043 31.338630 126.550600 -0.128400 0.093100 0.987300 0.8667 0.7568
  6 -9.902096 22.699860 114.680600 -0.537500 -0.043900 0.842100 0.9743 0.5179
mdl/plants_marine.png
  6 17.150260 43.115650 115.620600 0.214500 0.450200 0.866800 0.7591 0.7568
  6 23.956540 23.309300 120.730600 0.297900 0.189900 0.935500 0.8667 0.9957
  6 31.473910 36.199040 116.300600 0.088400 0.277400 0.956700 0.7591 0.9957
mdl/plants_marine.png
  6 23.956540 23.309300 120.730600 0.297900 0.189900 0.935500 0.8667 0.9957
  6 17.150260 43.115650 115.620600 0.214500 0.450200 0.866800 0.7591 0.7568
  6 7.976043 31.338630 126.550600 -0.128400 0.093100 0.987300 0.8667 0.7568
mdl/plants_marine.png
  6 7.976043 31.338630 126.550600 -0.128400 0.093100 0.987300 0.8667 0.7568
  6 17.395090 9.783380 121.380600 -0.116000 -0.279100 0.953200 0.9743 0.9957
  6 23.956540 23.309300 120.730600 0.297900 0.189900 0.935500 0.8667 0.9957
mdl/plants_marine.png
  6 17.395090 9.783380 121.380600 -0.116000 -0.279100 0.953200 0.9743 0.9957
  6 7.976043 31.338630 126.550600 -0.128400 0.093100 0.987300 0.8667 0.7568
  6 4.169296 15.434880 115.620600 -0.408200 -0.448500 0.795100 0.9774 0.7568
mdl/plants_marine.png
  6 9.814293 32.300780 106.360600 -0.339700 0.129000 -0.931700 0.8667 0.7568
  6 -4.642723 16.079770 98.410580 -0.040500 0.468500 -0.882500 0.9743 0.5179
  6 -9.549442 45.726060 101.350600 0.139600 -0.163100 -0.976700 0.7591 0.5179
mdl/plants_marine.png
  6 9.814293 32.300780 106.360600 -0.339700 0.129000 -0.931700 0.8667 0.7568
  6 -9.549442 45.726060 101.350600 0.139600 -0.163100 -0.976700 0.7591 0.5179
  6 5.366552 48.465830 98.550580 -0.354200 -0.374800 -0.856800 0.7591 0.7568
mdl/plants_marine.png
  6 -4.642723 16.079770 98.410580 -0.040500 0.468500 -0.882500 0.9743 0.5179
  6 9.814293 32.300780 106.360600 -0.339700 0.129000 -0.931700 0.8667 0.7568
  6 9.565892 18.918110 91.950580 -0.310000 0.699200 -0.644200 0.9774 0.7568
mdl/plants_marine.png
  6 19.466180 51.770880 91.920580 -0.391300 -0.151500 -0.907700 0.7591 0.9957
  6 22.504000 36.552950 93.160580 -0.575700 -0.214200 -0.789100 0.8667 0.9957
  6 5.366552 48.465830 98.550580 -0.354200 -0.374800 -0.856800 0.7591 0.7568
mdl/plants_marine.png
  6 9.814293 32.300780 106.360600 -0.339700 0.129000 -0.931700 0.8667 0.7568
  6 5.366552 48.465830 98.550580 -0.354200 -0.374800 -0.856800 0.7591 0.7568
  6 22.504000 36.552950 93.160580 -0.575700 -0.214200 -0.789100 0.8667 0.9957
mdl/plants_marine.png
  6 22.504000 36.552950 93.160580 -0.575700 -0.214200 -0.789100 0.8667 0.9957
  6 24.709380 21.888410 90.560590 -0.514900 0.407500 -0.754100 0.9743 0.9957
  6 9.814293 32.300780 106.360600 -0.339700 0.129000 -0.931700 0.8667 0.7568
mdl/plants_marine.png
  6 9.565892 18.918110 91.950580 -0.310000 0.699200 -0.644200 0.9774 0.7568
  6 9.814293 32.300780 106.360600 -0.339700 0.129000 -0.931700 0.8667 0.7568
  6 24.709380 21.888410 90.560590 -0.514900 0.407500 -0.754100 0.9743 0.9957
mdl/plants_marine.png
  6 -9.549442 45.726060 101.570600 -0.139600 0.163100 0.976700 0.7591 0.5179
  6 -4.642723 16.079770 98.630580 0.040500 -0.468500 0.882500 0.9743 0.5179
  6 9.814293 32.300780 106.580600 0.339700 -0.129000 0.931700 0.8667 0.7568
mdl/plants_marine.png
  6 5.366552 48.465830 98.770580 0.354200 0.374800 0.856800 0.7591 0.7568
  6 -9.549442 45.726060 101.570600 -0.139600 0.163100 0.976700 0.7591 0.5179
  6 9.814293 32.300780 106.580600 0.339700 -0.129000 0.931700 0.8667 0.7568
mdl/plants_marine.png
  6 9.565892 18.918110 92.160580 0.310000 -0.699200 0.644200 0.9774 0.7568
  6 9.814293 32.300780 106.580600 0.339700 -0.129000 0.931700 0.8667 0.7568
  6 -4.642723 16.079770 98.630580 0.040500 -0.468500 0.882500 0.9743 0.5179
mdl/plants_marine.png
  6 5.366552 48.465830 98.770580 0.354200 0.374800 0.856800 0.7591 0.7568
  6 22.504000 36.552950 93.370580 0.575700 0.214200 0.789100 0.8667 0.9957
  6 19.466180 51.770880 92.140580 0.391300 0.151500 0.907700 0.7591 0.9957
mdl/plants_marine.png
  6 22.504000 36.552950 93.370580 0.575700 0.214200 0.789100 0.8667 0.9957
  6 5.366552 48.465830 98.770580 0.354200 0.374800 0.856800 0.7591 0.7568
  6 9.814293 32.300780 106.580600 0.339700 -0.129000 0.931700 0.8667 0.7568
mdl/plants_marine.png
  6 9.814293 32.300780 106.580600 0.339700 -0.129000 0.931700 0.8667 0.7568
  6 24.709380 21.888410 90.780580 0.514900 -0.407500 0.754100 0.9743 0.9957
  6 22.504000 36.552950 93.370580 0.575700 0.214200 0.789100 0.8667 0.9957
mdl/plants_marine.png
  6 24.709380 21.888410 90.780580 0.514900 -0.407500 0.754100 0.9743 0.9957
  6 9.814293 32.300780 106.580600 0.339700 -0.129000 0.931700 0.8667 0.7568
  6 9.565892 18.918110 92.160580 0.310000 -0.699200 0.644200 0.9774 0.7568
mdl/plants_marine.png
  6 7.724296 31.998270 88.240590 0.011600 -0.172300 -0.985000 0.8667 0.7568
  6 12.336200 10.282050 81.720580 -0.047100 0.278400 -0.959300 0.9743 0.5179
  6 -12.193420 26.838740 75.750580 0.534900 -0.019000 -0.844700 0.7591 0.5179
mdl/plants_marine.png
  6 7.724296 31.998270 88.240590 0.011600 -0.172300 -0.985000 0.8667 0.7568
  6 -12.193420 26.838740 75.750580 0.534900 -0.019000 -0.844700 0.7591 0.5179
  6 -3.576728 39.621380 75.750580 0.323200 -0.524000 -0.788000 0.7591 0.7568
mdl/plants_marine.png
  6 12.336200 10.282050 81.720580 -0.047100 0.278400 -0.959300 0.9743 0.5179
  6 7.724296 31.998270 88.240590 0.011600 -0.172300 -0.985000 0.8667 0.7568
  6 21.701750 22.573840 78.100590 -0.459700 0.239700 -0.855100 0.9774 0.7568
mdl/plants_marine.png
  6 5.458282 52.141310 71.820580 0.163200 -0.400300 -0.901700 0.7591 0.9957
  6 17.440310 44.051790 77.580580 0.047800 -0.576900 -0.815400 0.8667 0.9957
  6 -3.576728 39.621380 75.750580 0.323200 -0.524000 -0.788000 0.7591 0.7568
mdl/plants_marine.png
  6 7.724296 31.998270 88.240590 0.011600 -0.172300 -0.985000 0.8667 0.7568
  6 -3.576728 39.621380 75.750580 0.323200 -0.524000 -0.788000 0.7591 0.7568
  6 17.440310 44.051790 77.580580 0.047800 -0.576900 -0.815400 0.8667 0.9957
mdl/plants_marine.png
  6 17.440310 44.051790 77.580580 0.047800 -0.576900 -0.815400 0.8667 0.9957
  6 29.826660 35.701660 79.420580 -0.352900 -0.110000 -0.929200 0.9743 0.9957
  6 7.724296 31.998270 88.240590 0.011600 -0.172300 -0.985000 0.8667 0.7568
mdl/plants_marine.png
  6 21.701750 22.573840 78.100590 -0.459700 0.239700 -0.855100 0.9774 0.7568
  6 7.724296 31.998270 88.240590 0.011600 -0.172300 -0.985000 0.8667 0.7568
  6 29.826660 35.701660 79.420580 -0.352900 -0.110000 -0.929200 0.9743 0.9957
mdl/plants_marine.png
  6 -12.193420 26.838740 75.960580 -0.534900 0.019000 0.844700 0.7591 0.5179
  6 12.336200 10.282050 81.930580 0.047100 -0.278400 0.959300 0.9743 0.5179
  6 7.724296 31.998270 88.450580 -0.011600 0.172300 0.985000 0.8667 0.7568
mdl/plants_marine.png
  6 -3.576728 39.621380 75.960580 -0.323200 0.524000 0.788000 0.7591 0.7568
  6 -12.193420 26.838740 75.960580 -0.534900 0.019000 0.844700 0.7591 0.5179
  6 7.724296 31.998270 88.450580 -0.011600 0.172300 0.985000 0.8667 0.7568
mdl/plants_marine.png
  6 21.701750 22.573840 78.310590 0.459700 -0.239700 0.855100 0.9774 0.7568
  6 7.724296 31.998270 88.450580 -0.011600 0.172300 0.985000 0.8667 0.7568
  6 12.336200 10.282050 81.930580 0.047100 -0.278400 0.959300 0.9743 0.5179
mdl/plants_marine.png
  6 -3.576728 39.621380 75.960580 -0.323200 0.524000 0.788000 0.7591 0.7568
  6 17.440310 44.051790 77.790580 -0.047800 0.576900 0.815400 0.8667 0.9957
  6 5.458282 52.141310 72.040580 -0.163200 0.400300 0.901700 0.7591 0.9957
mdl/plants_marine.png
  6 17.440310 44.051790 77.790580 -0.047800 0.576900 0.815400 0.8667 0.9957
  6 -3.576728 39.621380 75.960580 -0.323200 0.524000 0.788000 0.7591 0.7568
  6 7.724296 31.998270 88.450580 -0.011600 0.172300 0.985000 0.8667 0.7568
mdl/plants_marine.png
  6 7.724296 31.998270 88.450580 -0.011600 0.172300 0.985000 0.8667 0.7568
  6 29.826660 35.701660 79.630580 0.352900 0.110000 0.929200 0.9743 0.9957
  6 17.440310 44.051790 77.790580 -0.047800 0.576900 0.815400 0.8667 0.9957
mdl/plants_marine.png
  6 29.826660 35.701660 79.630580 0.352900 0.110000 0.929200 0.9743 0.9957
  6 7.724296 31.998270 88.450580 -0.011600 0.172300 0.985000 0.8667 0.7568
  6 21.701750 22.573840 78.310590 0.459700 -0.239700 0.855100 0.9774 0.7568
mdl/plants_marine.png
  6 4.539347 33.410860 71.290580 0.189700 -0.056100 -0.980200 0.8667 0.7568
  6 -18.373310 35.240810 53.700580 0.596800 -0.132200 -0.791400 0.9743 0.5179
  6 12.124830 57.472390 54.820580 0.111900 -0.584900 -0.803400 0.7591 0.5179
mdl/plants_marine.png
  6 4.539347 33.410860 71.290580 0.189700 -0.056100 -0.980200 0.8667 0.7568
  6 12.124830 57.472390 54.820580 0.111900 -0.584900 -0.803400 0.7591 0.5179
  6 22.866200 42.468730 60.440580 -0.287400 -0.227900 -0.930300 0.7591 0.7568
mdl/plants_marine.png
  6 -18.373310 35.240810 53.700580 0.596800 -0.132200 -0.791400 0.9743 0.5179
  6 4.539347 33.410860 71.290580 0.189700 -0.056100 -0.980200 0.8667 0.7568
  6 -6.879256 19.102270 54.860580 0.655300 0.281300 -0.701000 0.9774 0.7568
mdl/plants_marine.png
  6 34.871990 26.596900 61.360580 -0.088200 -0.123900 -0.988400 0.7591 0.9957
  6 18.721740 16.076940 64.120580 -0.238300 0.046800 -0.970100 0.8667 0.9957
  6 22.866200 42.468730 60.440580 -0.287400 -0.227900 -0.930300 0.7591 0.7568
mdl/plants_marine.png
  6 4.539347 33.410860 71.290580 0.189700 -0.056100 -0.980200 0.8667 0.7568
  6 22.866200 42.468730 60.440580 -0.287400 -0.227900 -0.930300 0.7591 0.7568
  6 18.721740 16.076940 64.120580 -0.238300 0.046800 -0.970100 0.8667 0.9957
mdl/plants_marine.png
  6 18.721740 16.076940 64.120580 -0.238300 0.046800 -0.970100 0.8667 0.9957
  6 3.854085 4.714689 62.180580 0.339200 0.276900 -0.899000 0.9743 0.9957
  6 4.539347 33.410860 71.290580 0.189700 -0.056100 -0.980200 0.8667 0.7568
mdl/plants_marine.png
  6 -6.879256 19.102270 54.860580 0.655300 0.281300 -0.701000 0.9774 0.7568
  6 4.539347 33.410860 71.290580 0.189700 -0.056100 -0.980200 0.8667 0.7568
  6 3.854085 4.714689 62.180580 0.339200 0.276900 -0.899000 0.9743 0.9957
mdl/plants_marine.png
  6 11.498060 53.326350 56.220580 -0.111900 0.584900 0.803400 0.7591 0.5179
  6 -14.346080 34.488800 55.260580 -0.596800 0.132200 0.791400 0.9743 0.5179
  6 5.068264 32.931430 70.170580 -0.189700 0.056100 0.980200 0.8667 0.7568
mdl/plants_marine.png
  6 20.600120 40.605330 60.980580 0.287400 0.227900 0.930300 0.7591 0.7568
  6 11.498060 53.326350 56.220580 -0.111900 0.584900 0.803400 0.7591 0.5179
  6 5.068264 32.931430 70.170580 -0.189700 0.056100 0.980200 0.8667 0.7568
mdl/plants_marine.png
  6 -4.608200 20.807650 56.250580 -0.655300 -0.281300 0.701000 0.9774 0.7568
  6 5.068264 32.931430 70.170580 -0.189700 0.056100 0.980200 0.8667 0.7568
  6 -14.346080 34.488800 55.260580 -0.596800 0.132200 0.791400 0.9743 0.5179
mdl/plants_marine.png
  6 20.600120 40.605330 60.980580 0.287400 0.227900 0.930300 0.7591 0.7568
  6 17.093690 18.243500 64.100590 0.238300 -0.046800 0.970100 0.8667 0.9957
  6 30.773530 27.159370 61.760580 0.088200 0.123900 0.988400 0.7591 0.9957
mdl/plants_marine.png
  6 17.093690 18.243500 64.100590 0.238300 -0.046800 0.970100 0.8667 0.9957
  6 20.600120 40.605330 60.980580 0.287400 0.227900 0.930300 0.7591 0.7568
  6 5.068264 32.931430 70.170580 -0.189700 0.056100 0.980200 0.8667 0.7568
mdl/plants_marine.png
  6 5.068264 32.931430 70.170580 -0.189700 0.056100 0.980200 0.8667 0.7568
  6 4.487288 8.616680 62.450580 -0.339200 -0.276900 0.899000 0.9743 0.9957
  6 17.093690 18.243500 64.100590 0.238300 -0.046800 0.970100 0.8667 0.9957
mdl/plants_marine.png
  6 4.487288 8.616680 62.450580 -0.339200 -0.276900 0.899000 0.9743 0.9957
  6 5.068264 32.931430 70.170580 -0.189700 0.056100 0.980200 0.8667 0.7568
  6 -4.608200 20.807650 56.250580 -0.655300 -0.281300 0.701000 0.9774 0.7568
mdl/plants_marine.png
  6 -5.176708 58.528100 42.240580 -0.013700 0.373500 0.927500 0.7591 0.5179
  6 -21.113560 24.368270 44.440580 -0.223300 -0.255800 0.940600 0.9743 0.5179
  6 5.360851 32.401530 52.910580 0.215900 -0.139100 0.966500 0.8667 0.7568
mdl/plants_marine.png
  6 12.132530 50.300190 39.910580 0.512100 0.249500 0.821900 0.7591 0.7568
  6 -5.176708 58.528100 42.240580 -0.013700 0.373500 0.927500 0.7591 0.5179
  6 5.360851 32.401530 52.910580 0.215900 -0.139100 0.966500 0.8667 0.7568
mdl/plants_marine.png
  6 -4.523435 15.969000 37.510580 -0.133800 -0.633600 0.762000 0.9774 0.7568
  6 5.360851 32.401530 52.910580 0.215900 -0.139100 0.966500 0.8667 0.7568
  6 -21.113560 24.368270 44.440580 -0.223300 -0.255800 0.940600 0.9743 0.5179
mdl/plants_marine.png
  6 12.132530 50.300190 39.910580 0.512100 0.249500 0.821900 0.7591 0.7568
  6 21.297950 25.086500 37.250580 0.603300 -0.016100 0.797400 0.8667 0.9957
  6 28.927970 42.413600 32.680580 0.416900 0.055800 0.907200 0.7591 0.9957
mdl/plants_marine.png
  6 21.297950 25.086500 37.250580 0.603300 -0.016100 0.797400 0.8667 0.9957
  6 12.132530 50.300190 39.910580 0.512100 0.249500 0.821900 0.7591 0.7568
  6 5.360851 32.401530 52.910580 0.215900 -0.139100 0.966500 0.8667 0.7568
mdl/plants_marine.png
  6 5.360851 32.401530 52.910580 0.215900 -0.139100 0.966500 0.8667 0.7568
  6 13.176160 8.104577 36.910580 0.201200 -0.493000 0.846500 0.9743 0.9957
  6 21.297950 25.086500 37.250580 0.603300 -0.016100 0.797400 0.8667 0.9957
mdl/plants_marine.png
  6 13.176160 8.104577 36.910580 0.201200 -0.493000 0.846500 0.9743 0.9957
  6 5.360851 32.401530 52.910580 0.215900 -0.139100 0.966500 0.8667 0.7568
  6 -4.523435 15.969000 37.510580 -0.133800 -0.633600 0.762000 0.9774 0.7568
mdl/plants_marine.png
  6 -13.916700 46.164260 14.410580 -0.442300 0.367300 0.818200 0.7591 0.5179
  6 -8.283810 9.417142 21.120580 -0.264900 -0.262500 0.927900 0.9743 0.5179
  6 6.330595 32.049270 31.690580 0.014600 0.090300 0.995800 0.8667 0.7568
mdl/plants_marine.png
  6 4.988771 49.430290 16.480580 0.071100 0.565800 0.821500 0.7591 0.7568
  6 -13.916700 46.164260 14.410580 -0.442300 0.367300 0.818200 0.7591 0.5179
  6 6.330595 32.049270 31.690580 0.014600 0.090300 0.995800 0.8667 0.7568
mdl/plants_marine.png
  6 11.263750 11.765000 18.660580 0.029100 -0.525400 0.850400 0.9774 0.7568
  6 6.330595 32.049270 31.690580 0.014600 0.090300 0.995800 0.8667 0.7568
  6 -8.283810 9.417142 21.120580 -0.264900 -0.262500 0.927900 0.9743 0.5179
mdl/plants_marine.png
  6 4.988771 49.430290 16.480580 0.071100 0.565800 0.821500 0.7591 0.7568
  6 26.878940 34.204660 20.470580 0.296500 0.402500 0.866100 0.8667 0.9957
  6 24.491650 52.292440 13.660580 0.081500 0.360500 0.929200 0.7591 0.9957
mdl/plants_marine.png
  6 26.878940 34.204660 20.470580 0.296500 0.402500 0.866100 0.8667 0.9957
  6 4.988771 49.430290 16.480580 0.071100 0.565800 0.821500 0.7591 0.7568
  6 6.330595 32.049270 31.690580 0.014600 0.090300 0.995800 0.8667 0.7568
mdl/plants_marine.png
  6 6.330595 32.049270 31.690580 0.014600 0.090300 0.995800 0.8667 0.7568
  6 29.871660 15.718960 22.380580 0.217000 -0.218300 0.951400 0.9743 0.9957
  6 26.878940 34.204660 20.470580 0.296500 0.402500 0.866100 0.8667 0.9957
mdl/plants_marine.png
  6 29.871660 15.718960 22.380580 0.217000 -0.218300 0.951400 0.9743 0.9957
  6 6.330595 32.049270 31.690580 0.014600 0.090300 0.995800 0.8667 0.7568
  6 11.263750 11.765000 18.660580 0.029100 -0.525400 0.850400 0.9774 0.7568
mdl/plants_marine.png
  6 -18.177080 25.981350 0.520584 -0.446700 -0.040500 0.893800 0.7591 0.5179
  6 13.035570 4.915422 3.430580 0.142800 -0.343000 0.928400 0.9743 0.5179
  6 8.220734 31.445050 13.970580 0.088200 0.123900 0.988400 0.8667 0.7568
mdl/plants_marine.png
  6 -7.393632 41.972060 0.520584 -0.240100 0.467900 0.850500 0.7591 0.7568
  6 -18.177080 25.981350 0.520584 -0.446700 -0.040500 0.893800 0.7591 0.5179
  6 8.220734 31.445050 13.970580 0.088200 0.123900 0.988400 0.8667 0.7568
mdl/plants_marine.png
  6 24.275120 20.609190 -1.199417 0.542900 -0.295800 0.786000 0.9774 0.7568
  6 8.220734 31.445050 13.970580 0.088200 0.123900 0.988400 0.8667 0.7568
  6 13.035570 4.915422 3.430580 0.142800 -0.343000 0.928400 0.9743 0.5179
mdl/plants_marine.png
  6 -7.393632 41.972060 0.520584 -0.240100 0.467900 0.850500 0.7591 0.7568
  6 19.012220 47.441720 0.520584 0.036900 0.519800 0.853500 0.8667 0.9957
  6 3.397858 57.968730 -4.419418 -0.069900 0.337300 0.938800 0.7591 0.9957
mdl/plants_marine.png
  6 19.012220 47.441720 0.520584 0.036900 0.519800 0.853500 0.8667 0.9957
  6 -7.393632 41.972060 0.520584 -0.240100 0.467900 0.850500 0.7591 0.7568
  6 8.220734 31.445050 13.970580 0.088200 0.123900 0.988400 0.8667 0.7568
mdl/plants_marine.png
  6 8.220734 31.445050 13.970580 0.088200 0.123900 0.988400 0.8667 0.7568
  6 34.618550 36.908750 0.520584 0.416900 0.055800 0.907200 0.9743 0.9957
  6 19.012220 47.441720 0.520584 0.036900 0.519800 0.853500 0.8667 0.9957
mdl/plants_marine.png
  6 34.618550 36.908750 0.520584 0.416900 0.055800 0.907200 0.9743 0.9957
  6 8.220734 31.445050 13.970580 0.088200 0.123900 0.988400 0.8667 0.7568
  6 24.275120 20.609190 -1.199417 0.542900 -0.295800 0.786000 0.9774 0.7568
mdl/plants_marine.png
  6 5.066789 31.773420 153.390600 -0.283800 0.056300 -0.957200 0.8667 0.7568
  6 -0.413962 18.972530 147.230600 -0.102900 0.466500 -0.878500 0.9743 0.5179
  6 -9.382308 36.606800 149.040600 0.262200 -0.081300 -0.961600 0.7591 0.5179
mdl/plants_marine.png
  6 5.066789 31.773420 153.390600 -0.283800 0.056300 -0.957200 0.8667 0.7568
  6 -9.382308 36.606800 149.040600 0.262200 -0.081300 -0.961600 0.7591 0.5179
  6 -0.414051 41.265000 148.100600 -0.155600 -0.432100 -0.888300 0.7591 0.7568
mdl/plants_marine.png
  6 -0.413962 18.972530 147.230600 -0.102900 0.466500 -0.878500 0.9743 0.5179
  6 5.066789 31.773420 153.390600 -0.283800 0.056300 -0.957200 0.8667 0.7568
  6 8.292405 23.648430 143.860600 -0.447100 0.600000 -0.663400 0.9774 0.7568
mdl/plants_marine.png
  6 8.137982 46.199890 144.610600 -0.252400 -0.227700 -0.940400 0.7591 0.9957
  6 12.911940 37.192880 145.510600 -0.419400 -0.345600 -0.839400 0.8667 0.9957
  6 -0.414051 41.265000 148.100600 -0.155600 -0.432100 -0.888300 0.7591 0.7568
mdl/plants_marine.png
  6 5.066789 31.773420 153.390600 -0.283800 0.056300 -0.957200 0.8667 0.7568
  6 -0.414051 41.265000 148.100600 -0.155600 -0.432100 -0.888300 0.7591 0.7568
  6 12.911940 37.192880 145.510600 -0.419400 -0.345600 -0.839400 0.8667 0.9957
mdl/plants_marine.png
  6 12.911940 37.192880 145.510600 -0.419400 -0.345600 -0.839400 0.8667 0.9957
  6 17.275620 28.454530 143.860600 -0.547400 0.265200 -0.793800 0.9743 0.9957
  6 5.066789 31.773420 153.390600 -0.283800 0.056300 -0.957200 0.8667 0.7568
mdl/plants_marine.png
  6 8.292405 23.648430 143.860600 -0.447100 0.600000 -0.663400 0.9774 0.7568
  6 5.066789 31.773420 153.390600 -0.283800 0.056300 -0.957200 0.8667 0.7568
  6 17.275620 28.454530 143.860600 -0.547400 0.265200 -0.793800 0.9743 0.9957
mdl/plants_marine.png
  6 -9.382308 36.606800 149.250600 -0.262200 0.081300 0.961600 0.7591 0.5179
  6 -0.413962 18.972530 147.450600 0.102900 -0.466500 0.878500 0.9743 0.5179
  6 5.066789 31.773420 153.600600 0.283800 -0.056300 0.957200 0.8667 0.7568
mdl/plants_marine.png
  6 -0.414051 41.265000 148.320600 0.155600 0.432100 0.888300 0.7591 0.7568
  6 -9.382308 36.606800 149.250600 -0.262200 0.081300 0.961600 0.7591 0.5179
  6 5.066789 31.773420 153.600600 0.283800 -0.056300 0.957200 0.8667 0.7568
mdl/plants_marine.png
  6 8.292405 23.648430 144.070600 0.447100 -0.600000 0.663400 0.9774 0.7568
  6 5.066789 31.773420 153.600600 0.283800 -0.056300 0.957200 0.8667 0.7568
  6 -0.413962 18.972530 147.450600 0.102900 -0.466500 0.878500 0.9743 0.5179
mdl/plants_marine.png
  6 -0.414051 41.265000 148.320600 0.155600 0.432100 0.888300 0.7591 0.7568
  6 12.911940 37.192880 145.720600 0.419400 0.345600 0.839400 0.8667 0.9957
  6 8.137982 46.199890 144.820600 0.252400 0.227700 0.940400 0.7591 0.9957
mdl/plants_marine.png
  6 12.911940 37.192880 145.720600 0.419400 0.345600 0.839400 0.8667 0.9957
  6 -0.414051 41.265000 148.320600 0.155600 0.432100 0.888300 0.7591 0.7568
  6 5.066789 31.773420 153.600600 0.283800 -0.056300 0.957200 0.8667 0.7568
mdl/plants_marine.png
  6 5.066789 31.773420 153.600600 0.283800 -0.056300 0.957200 0.8667 0.7568
  6 17.275620 28.454530 144.070600 0.542900 -0.295800 0.786000 0.9743 0.9957
  6 12.911940 37.192880 145.720600 0.419400 0.345600 0.839400 0.8667 0.9957
mdl/plants_marine.png
  6 17.275620 28.454530 144.070600 0.542900 -0.295800 0.786000 0.9743 0.9957
  6 5.066789 31.773420 153.600600 0.283800 -0.056300 0.957200 0.8667 0.7568
  6 8.292405 23.648430 144.070600 0.447100 -0.600000 0.663400 0.9774 0.7568
mdl/plants_marine.png
  6 3.354974 33.666510 62.810580 0.897300 0.437700 0.056900 0.9786 0.4392
  6 4.422903 31.483570 62.810580 0.897300 0.437700 0.056900 0.9719 0.4392
  6 9.350406 29.531720 0.000580 0.897300 0.437700 0.056900 0.9715 0.0175
mdl/plants_marine.png
  6 9.873758 31.598380 0.000580 0.964200 -0.242200 0.108000 0.9783 0.0175
  6 3.354974 33.666510 62.810580 0.964200 -0.242200 0.108000 0.9786 0.4392
  6 9.350406 29.531720 0.000580 0.964200 -0.242200 0.108000 0.9715 0.0175
mdl/plants_marine.png
  6 1.995950 31.653240 62.810580 -0.824600 0.556200 -0.103800 0.9987 0.4392
  6 3.354974 33.666510 62.810580 -0.824600 0.556200 -0.103800 0.992 0.4392
  6 9.873758 31.598380 0.000580 -0.824600 0.556200 -0.103800 0.9919 0.0175
mdl/plants_marine.png
  6 7.351756 30.366640 0.000580 -0.437700 0.897400 -0.055600 0.9987 0.0175
  6 1.995950 31.653240 62.810580 -0.437700 0.897400 -0.055600 0.9987 0.4392
  6 9.873758 31.598380 0.000580 -0.437700 0.897400 -0.055600 0.9919 0.0175
mdl/plants_marine.png
  6 4.422903 31.483570 62.810580 -0.069700 -0.997500 0.014400 0.9786 0.4392
  6 1.995950 31.653240 62.810580 -0.069700 -0.997500 0.014400 0.992 0.4392
  6 7.351756 30.366640 0.000580 -0.069700 -0.997500 0.014400 0.9919 0.0175
mdl/plants_marine.png
  6 9.350406 29.531720 0.000580 -0.387100 -0.922100 -0.001800 0.9783 0.0175
  6 4.422903 31.483570 62.810580 -0.387100 -0.922100 -0.001800 0.9786 0.4392
  6 7.351756 30.366640 0.000580 -0.387100 -0.922100 -0.001800 0.9919 0.0175
mdl/plants_marine.png
  6 10.421230 33.682890 115.410600 0.892300 0.435200 -0.120000 0.9786 0.4392
  6 11.489160 31.499950 115.410600 0.892300 0.435200 -0.120000 0.9719 0.4392
  6 4.422903 31.483570 62.810580 0.892300 0.435200 -0.120000 0.9715 0.0175
mdl/plants_marine.png
  6 3.354974 33.666510 62.810580 0.892300 0.435200 -0.120000 0.9783 0.0175
  6 10.421230 33.682890 115.410600 0.892300 0.435200 -0.120000 0.9786 0.4392
  6 4.422903 31.483570 62.810580 0.892300 0.435200 -0.120000 0.9715 0.0175
mdl/plants_marine.png
  6 9.062201 31.669630 115.410600 -0.824000 0.555800 0.110400 0.9987 0.4392
  6 10.421230 33.682890 115.410600 -0.824000 0.555800 0.110400 0.992 0.4392
  6 3.354974 33.666510 62.810580 -0.824000 0.555800 0.110400 0.9919 0.0175
mdl/plants_marine.png
  6 1.995950 31.653240 62.810580 -0.824000 0.555800 0.110400 0.9987 0.0175
  6 9.062201 31.669630 115.410600 -0.824000 0.555800 0.110400 0.9987 0.4392
  6 3.354974 33.666510 62.810580 -0.824000 0.555800 0.110400 0.9919 0.0175
mdl/plants_marine.png
  6 11.489160 31.499950 115.410600 -0.069700 -0.997500 0.014400 0.9786 0.4392
