version 1
nodes
  0 "plant"  -1
  1 "Box01"  -1
  2 "Object01"  -1
  3 "Plane13"  -1
  4 "Box02"  -1
  5 "Box03"  -1
  6 "Plane12"  -1
  7 "Plane09"  -1
  8 "Plane10"  -1
  9 "Plane11"  -1
 10 "Box04"  -1
 11 "plant01"  -1
 12 "plant02"  -1
end
skeleton
time 0
  0 39.132790 6.756010 16.766090 0.000000 0.000000 -3.141593
  1 3.356804 18.507460 -16.362220 0.000000 0.000000 -3.141593
  2 48.623120 -19.016360 -2.441726 0.000000 0.000000 0.000000
  3 -47.742700 57.490300 87.510580 0.000000 0.000000 -2.504547
  4 -18.286180 -7.569400 0.607738 0.000000 0.000000 -3.141593
  5 33.374200 18.507440 -16.362220 0.000000 0.000000 -3.141593
  6 -29.375910 57.490300 87.510580 0.000000 0.000000 -2.504547
  7 28.697420 18.293520 87.510580 0.000000 0.000000 1.230457
  8 10.262880 18.293520 87.510580 0.000000 0.000000 -0.200713
  9 -16.431270 57.490300 87.510580 0.000000 0.000000 -2.504547
 10 2.740844 18.507440 -16.362220 0.000000 0.000000 -3.141593
 11 -29.862340 6.756010 11.984650 0.000000 0.000000 0.000000
 12 21.680880 30.052520 11.984650 0.000000 0.000000 0.000000
end
triangles
mdl/plants_marine.png
 10 22.180840 48.807440 75.567780 -1.000000 0.000000 0.000000 0.001 0.9946
 10 -27.079160 48.807430 68.637780 -1.000000 0.000000 0.000000 0.2939 0.9946
 10 31.030840 31.107440 12.597780 -1.000000 0.000000 0.000000 0.001 0.0152
mdl/plants_marine.png
 10 -33.969160 25.547430 -8.672222 -1.000000 0.000000 0.000000 0.2939 0.0152
 10 31.030840 31.107440 12.597780 -1.000000 0.000000 0.000000 0.001 0.0152
 10 -27.079160 48.807430 68.637780 -1.000000 0.000000 0.000000 0.2939 0.9946
mdl/plants_marine.png
 10 -33.969160 25.547430 -8.672222 -1.000000 0.000000 0.000000 0.2939 0.0152
 10 -27.079160 48.807430 68.637780 -1.000000 0.000000 0.000000 0.2939 0.9946
 10 31.030840 31.107440 12.597780 -1.000000 0.000000 0.000000 0.001 0.0152
mdl/plants_marine.png
 10 22.180840 48.807440 75.567780 -1.000000 0.000000 0.000000 0.001 0.9946
 10 31.030840 31.107440 12.597780 -1.000000 0.000000 0.000000 0.001 0.0152
 10 -27.079160 48.807430 68.637780 -1.000000 0.000000 0.000000 0.2939 0.9946
mdl/plants_marine.png
 10 -12.359160 57.387440 76.417780 -1.000000 0.000000 0.000000 0.001 0.9946
 10 -12.359150 -1.362566 76.417780 0.000000 0.000000 1.000000 0.2939 0.9946
 10 -2.949162 57.387440 9.407778 0.000000 0.000000 1.000000 0.001 0.0152
mdl/plants_marine.png
 10 -1.169150 -19.822570 -3.252223 -1.000000 0.000000 0.000000 0.2939 0.0152
 10 -2.949162 57.387440 9.407778 0.000000 0.000000 1.000000 0.001 0.0152
 10 -12.359150 -1.362566 76.417780 0.000000 0.000000 1.000000 0.2939 0.9946
mdl/plants_marine.png
 10 -1.169150 -19.822570 -3.252223 -1.000000 0.000000 0.000000 0.2939 0.0152
 10 -12.359150 -1.362566 76.417780 0.000000 0.000000 1.000000 0.2939 0.9946
 10 -2.949162 57.387440 9.407778 0.000000 0.000000 1.000000 0.001 0.0152
mdl/plants_marine.png
 10 -12.359160 57.387440 76.417780 -1.000000 0.000000 0.000000 0.001 0.9946
 10 -2.949162 57.387440 9.407778 0.000000 0.000000 1.000000 0.001 0.0152
 10 -12.359150 -1.362566 76.417780 0.000000 0.000000 1.000000 0.2939 0.9946
mdl/plants_marine.png
 10 27.590850 7.277442 76.307780 -1.000000 0.000000 0.000000 0.001 0.9946
 10 -19.259150 -9.222566 69.717780 0.436400 -0.872900 -0.218200 0.2939 0.9946
 10 31.400840 24.107440 12.627780 0.436400 -0.872900 -0.218200 0.001 0.0152
mdl/plants_marine.png
 10 -32.119160 7.707432 -8.432222 -1.000000 0.000000 0.000000 0.2939 0.0152
 10 31.400840 24.107440 12.627780 0.436400 -0.872900 -0.218200 0.001 0.0152
 10 -19.259150 -9.222566 69.717780 0.436400 -0.872900 -0.218200 0.2939 0.9946
mdl/plants_marine.png
 10 -32.119160 7.707432 -8.432222 -1.000000 0.000000 0.000000 0.2939 0.0152
 10 -19.259150 -9.222566 69.717780 0.436400 -0.872900 -0.218200 0.2939 0.9946
 10 31.400840 24.107440 12.627780 0.436400 -0.872900 -0.218200 0.001 0.0152
mdl/plants_marine.png
 10 27.590850 7.277442 76.307780 -1.000000 0.000000 0.000000 0.001 0.9946
 10 31.400840 24.107440 12.627780 0.436400 -0.872900 -0.218200 0.001 0.0152
 10 -19.259150 -9.222566 69.717780 0.436400 -0.872900 -0.218200 0.2939 0.9946
mdl/plants_marine.png
 10 -13.549150 -32.052570 81.247780 -1.000000 0.000000 0.000000 0.001 0.9946
 10 14.040840 19.747440 85.127780 -1.000000 0.000000 0.000000 0.2939 0.9946
 10 -19.469150 -22.142570 8.497778 -1.000000 0.000000 0.000000 0.001 0.0152
mdl/plants_marine.png
 10 14.140840 49.047440 -0.372223 -1.000000 0.000000 0.000000 0.2939 0.0152
 10 -19.469150 -22.142570 8.497778 -1.000000 0.000000 0.000000 0.001 0.0152
 10 14.040840 19.747440 85.127780 -1.000000 0.000000 0.000000 0.2939 0.9946
mdl/plants_marine.png
 10 14.140840 49.047440 -0.372223 -1.000000 0.000000 0.000000 0.2939 0.0152
 10 14.040840 19.747440 85.127780 -1.000000 0.000000 0.000000 0.2939 0.9946
 10 -19.469150 -22.142570 8.497778 -1.000000 0.000000 0.000000 0.001 0.0152
mdl/plants_marine.png
 10 -13.549150 -32.052570 81.247780 -1.000000 0.000000 0.000000 0.001 0.9946
 10 -19.469150 -22.142570 8.497778 -1.000000 0.000000 0.000000 0.001 0.0152
 10 14.040840 19.747440 85.127780 -1.000000 0.000000 0.000000 0.2939 0.9946
mdl/plants_marine.png
 10 -42.949160 34.927430 68.027780 -1.000000 0.000000 0.000000 0.001 0.9946
 10 -17.869150 -12.162570 71.557780 0.000000 0.707100 -0.707100 0.2939 0.9946
 10 -19.539160 43.937440 5.937777 0.000000 0.707100 -0.707100 0.001 0.0152
mdl/plants_marine.png
 10 21.180850 -15.122560 -0.692223 -1.000000 0.000000 0.000000 0.2939 0.0152
 10 -19.539160 43.937440 5.937777 0.000000 0.707100 -0.707100 0.001 0.0152
 10 -17.869150 -12.162570 71.557780 0.000000 0.707100 -0.707100 0.2939 0.9946
mdl/plants_marine.png
 10 21.180850 -15.122560 -0.692223 -1.000000 0.000000 0.000000 0.2939 0.0152
 10 -17.869150 -12.162570 71.557780 0.000000 0.707100 -0.707100 0.2939 0.9946
 10 -19.539160 43.937440 5.937777 0.000000 0.707100 -0.707100 0.001 0.0152
mdl/plants_marine.png
 10 -42.949160 34.927430 68.027780 -1.000000 0.000000 0.000000 0.001 0.9946
 10 -19.539160 43.937440 5.937777 0.000000 0.707100 -0.707100 0.001 0.0152
 10 -17.869150 -12.162570 71.557780 0.000000 0.707100 -0.707100 0.2939 0.9946
mdl/plants_marine.png
 11 -28.122340 8.626010 5.264650 0.530000 0.568600 0.629100 0.9582 0.0782
 11 -32.002330 0.366010 15.994650 -0.290400 -0.709700 0.641800 0.8779 0.0977
 11 -28.972340 9.166010 5.484650 -0.530000 -0.568600 -0.629100 0.9587 0.0488
mdl/plants_marine.png
 11 -33.992340 1.656010 16.514650 0.290400 0.709700 -0.641800 0.8791 0.0286
 11 -28.972340 9.166010 5.484650 -0.530000 -0.568600 -0.629100 0.9587 0.0488
 11 -32.002330 0.366010 15.994650 -0.290400 -0.709700 0.641800 0.8779 0.0977
mdl/plants_marine.png
 11 -32.002330 0.366010 15.994650 -0.290400 -0.709700 0.641800 0.8779 0.0977
 11 -36.272340 -6.713990 21.274650 -0.440700 -0.350400 -0.826500 0.7757 0.1221
 11 -33.992340 1.656010 16.514650 0.290400 0.709700 -0.641800 0.8791 0.0286
mdl/plants_marine.png
 11 -38.502330 -5.273990 21.854650 0.440700 0.350400 0.826500 0.7778 0.0033
 11 -33.992340 1.656010 16.514650 0.290400 0.709700 -0.641800 0.8791 0.0286
 11 -36.272340 -6.713990 21.274650 -0.440700 -0.350400 -0.826500 0.7757 0.1221
mdl/plants_marine.png
 11 -36.272340 -6.713990 21.274650 -0.440700 -0.350400 -0.826500 0.7757 0.1221
 11 -43.062340 -13.823990 19.794650 1.000000 0.000000 0.000000 0.7185 0.0624
 11 -38.502330 -5.273990 21.854650 0.440700 0.350400 0.826500 0.7778 0.0033
mdl/plants_marine.png
 11 -28.972340 9.166010 5.484650 -0.530000 -0.568600 -0.629100 0.9587 0.0488
 11 -33.992340 1.656010 16.514650 0.290400 0.709700 -0.641800 0.8791 0.0286
 11 -28.122340 8.626010 5.264650 0.530000 0.568600 0.629100 0.9582 0.0782
mdl/plants_marine.png
 11 -32.002330 0.366010 15.994650 -0.290400 -0.709700 0.641800 0.8779 0.0977
 11 -28.122340 8.626010 5.264650 0.530000 0.568600 0.629100 0.9582 0.0782
 11 -33.992340 1.656010 16.514650 0.290400 0.709700 -0.641800 0.8791 0.0286
mdl/plants_marine.png
 11 -33.992340 1.656010 16.514650 0.290400 0.709700 -0.641800 0.8791 0.0286
 11 -38.502330 -5.273990 21.854650 0.440700 0.350400 0.826500 0.7778 0.0033
 11 -32.002330 0.366010 15.994650 -0.290400 -0.709700 0.641800 0.8779 0.0977
mdl/plants_marine.png
 11 -36.272340 -6.713990 21.274650 -0.440700 -0.350400 -0.826500 0.7757 0.1221
 11 -32.002330 0.366010 15.994650 -0.290400 -0.709700 0.641800 0.8779 0.0977
 11 -38.502330 -5.273990 21.854650 0.440700 0.350400 0.826500 0.7778 0.0033
mdl/plants_marine.png
 11 -38.502330 -5.273990 21.854650 0.440700 0.350400 0.826500 0.7778 0.0033
 11 -43.062340 -13.823990 19.794650 1.000000 0.000000 0.000000 0.7185 0.0624
 11 -36.272340 -6.713990 21.274650 -0.440700 -0.350400 -0.826500 0.7757 0.1221
mdl/plants_marine.png
 11 -27.592330 9.686010 0.164650 0.804900 0.422400 0.416800 0.9582 0.0782
 11 -32.782330 1.406010 18.594650 -0.350400 -0.383700 0.854400 0.8779 0.0977
 11 -28.222340 10.696010 0.364650 -0.804900 -0.422400 -0.416800 0.9587 0.0488
mdl/plants_marine.png
 11 -34.712330 4.486010 19.194650 0.350400 0.383700 -0.854400 0.8791 0.0286
 11 -28.222340 10.696010 0.364650 -0.804900 -0.422400 -0.416800 0.9587 0.0488
 11 -32.782330 1.406010 18.594650 -0.350400 -0.383700 0.854400 0.8779 0.0977
mdl/plants_marine.png
 11 -32.782330 1.406010 18.594650 -0.350400 -0.383700 0.854400 0.8779 0.0977
 11 -39.212330 -5.893990 31.584650 -0.743300 -0.354900 -0.567100 0.7757 0.1221
 11 -34.712330 4.486010 19.194650 0.350400 0.383700 -0.854400 0.8791 0.0286
mdl/plants_marine.png
 11 -41.822330 -1.713990 32.394650 0.743300 0.354900 0.567100 0.7778 0.0033
 11 -34.712330 4.486010 19.194650 0.350400 0.383700 -0.854400 0.8791 0.0286
 11 -39.212330 -5.893990 31.584650 -0.743300 -0.354900 -0.567100 0.7757 0.1221
mdl/plants_marine.png
 11 -39.212330 -5.893990 31.584650 -0.743300 -0.354900 -0.567100 0.7757 0.1221
 11 -50.892330 -11.933990 40.564650 1.000000 0.000000 0.000000 0.7185 0.0624
 11 -41.822330 -1.713990 32.394650 0.743300 0.354900 0.567100 0.7778 0.0033
mdl/plants_marine.png
 11 -28.222340 10.696010 0.364650 -0.804900 -0.422400 -0.416800 0.9587 0.0488
 11 -34.712330 4.486010 19.194650 0.350400 0.383700 -0.854400 0.8791 0.0286
 11 -27.592330 9.686010 0.164650 0.804900 0.422400 0.416800 0.9582 0.0782
mdl/plants_marine.png
 11 -32.782330 1.406010 18.594650 -0.350400 -0.383700 0.854400 0.8779 0.0977
 11 -27.592330 9.686010 0.164650 0.804900 0.422400 0.416800 0.9582 0.0782
 11 -34.712330 4.486010 19.194650 0.350400 0.383700 -0.854400 0.8791 0.0286
mdl/plants_marine.png
 11 -34.712330 4.486010 19.194650 0.350400 0.383700 -0.854400 0.8791 0.0286
 11 -41.822330 -1.713990 32.394650 0.743300 0.354900 0.567100 0.7778 0.0033
 11 -32.782330 1.406010 18.594650 -0.350400 -0.383700 0.854400 0.8779 0.0977
mdl/plants_marine.png
 11 -39.212330 -5.893990 31.584650 -0.743300 -0.354900 -0.567100 0.7757 0.1221
 11 -32.782330 1.406010 18.594650 -0.350400 -0.383700 0.854400 0.8779 0.0977
 11 -41.822330 -1.713990 32.394650 0.743300 0.354900 0.567100 0.7778 0.0033
mdl/plants_marine.png
 11 -41.822330 -1.713990 32.394650 0.743300 0.354900 0.567100 0.7778 0.0033
 11 -50.892330 -11.933990 40.564650 1.000000 0.000000 0.000000 0.7185 0.0624
 11 -39.212330 -5.893990 31.584650 -0.743300 -0.354900 -0.567100 0.7757 0.1221
mdl/plants_marine.png
 11 -27.962340 9.436010 3.404650 -0.154600 0.891600 0.425700 0.9582 0.0782
 11 -28.752330 2.626010 17.374650 -0.074900 -0.518400 0.851900 0.8779 0.0977
 11 -28.852330 9.346010 3.274650 0.154600 -0.891600 -0.425700 0.9587 0.0488
mdl/plants_marine.png
 11 -30.822330 2.416010 17.064650 0.074900 0.518400 -0.851900 0.8791 0.0286
 11 -28.852330 9.346010 3.274650 0.154600 -0.891600 -0.425700 0.9587 0.0488
 11 -28.752330 2.626010 17.374650 -0.074900 -0.518400 0.851900 0.8779 0.0977
mdl/plants_marine.png
 11 -28.752330 2.626010 17.374650 -0.074900 -0.518400 0.851900 0.8779 0.0977
 11 -29.352330 -4.513990 27.134650 0.167800 -0.800400 -0.575500 0.7757 0.1221
 11 -30.822330 2.416010 17.064650 0.074900 0.518400 -0.851900 0.8791 0.0286
mdl/plants_marine.png
 11 -31.682330 -4.753990 26.784650 -0.167800 0.800400 0.575500 0.7778 0.0033
 11 -30.822330 2.416010 17.064650 0.074900 0.518400 -0.851900 0.8791 0.0286
 11 -29.352330 -4.513990 27.134650 0.167800 -0.800400 -0.575500 0.7757 0.1221
mdl/plants_marine.png
 11 -29.352330 -4.513990 27.134650 0.167800 -0.800400 -0.575500 0.7757 0.1221
 11 -30.452340 -14.523990 33.294650 1.000000 0.000000 0.000000 0.7185 0.0624
 11 -31.682330 -4.753990 26.784650 -0.167800 0.800400 0.575500 0.7778 0.0033
mdl/plants_marine.png
 11 -28.852330 9.346010 3.274650 0.154600 -0.891600 -0.425700 0.9587 0.0488
 11 -30.822330 2.416010 17.064650 0.074900 0.518400 -0.851900 0.8791 0.0286
 11 -27.962340 9.436010 3.404650 -0.154600 0.891600 0.425700 0.9582 0.0782
mdl/plants_marine.png
 11 -28.752330 2.626010 17.374650 -0.074900 -0.518400 0.851900 0.8779 0.0977
 11 -27.962340 9.436010 3.404650 -0.154600 0.891600 0.425700 0.9582 0.0782
 11 -30.822330 2.416010 17.064650 0.074900 0.518400 -0.851900 0.8791 0.0286
mdl/plants_marine.png
 11 -30.822330 2.416010 17.064650 0.074900 0.518400 -0.851900 0.8791 0.0286
 11 -31.682330 -4.753990 26.784650 -0.167800 0.800400 0.575500 0.7778 0.0033
 11 -28.752330 2.626010 17.374650 -0.074900 -0.518400 0.851900 0.8779 0.0977
mdl/plants_marine.png
 11 -29.352330 -4.513990 27.134650 0.167800 -0.800400 -0.575500 0.7757 0.1221
 11 -28.752330 2.626010 17.374650 -0.074900 -0.518400 0.851900 0.8779 0.0977
 11 -31.682330 -4.753990 26.784650 -0.167800 0.800400 0.575500 0.7778 0.0033
mdl/plants_marine.png
 11 -31.682330 -4.753990 26.784650 -0.167800 0.800400 0.575500 0.7778 0.0033
 11 -30.452340 -14.523990 33.294650 1.000000 0.000000 0.000000 0.7185 0.0624
 11 -29.352330 -4.513990 27.134650 0.167800 -0.800400 -0.575500 0.7757 0.1221
mdl/plants_marine.png
 11 -28.732340 9.646010 3.134649 -0.777000 -0.626700 -0.059600 0.9582 0.0782
 11 -28.562340 7.926010 18.974650 0.103700 -0.082500 0.991200 0.8779 0.0977
 11 -28.152340 8.936010 3.014649 0.777000 0.626700 0.059600 0.9587 0.0488
mdl/plants_marine.png
 11 -27.192340 6.276010 18.694650 -0.103700 0.082500 -0.991200 0.8791 0.0286
 11 -28.152340 8.936010 3.014649 0.777000 0.626700 0.059600 0.9587 0.0488
 11 -28.562340 7.926010 18.974650 0.103700 -0.082500 0.991200 0.8779 0.0977
mdl/plants_marine.png
 11 -28.562340 7.926010 18.974650 0.103700 -0.082500 0.991200 0.8779 0.0977
 11 -26.522340 7.706010 31.194650 0.758700 0.641200 -0.114800 0.7757 0.1221
 11 -27.192340 6.276010 18.694650 -0.103700 0.082500 -0.991200 0.8791 0.0286
mdl/plants_marine.png
 11 -24.992340 5.846010 30.884650 -0.758700 -0.641200 0.114800 0.7778 0.0033
 11 -27.192340 6.276010 18.694650 -0.103700 0.082500 -0.991200 0.8791 0.0286
 11 -26.522340 7.706010 31.194650 0.758700 0.641200 -0.114800 0.7757 0.1221
mdl/plants_marine.png
 11 -26.522340 7.706010 31.194650 0.758700 0.641200 -0.114800 0.7757 0.1221
 11 -20.512330 9.286010 41.564650 1.000000 0.000000 0.000000 0.7185 0.0624
 11 -24.992340 5.846010 30.884650 -0.758700 -0.641200 0.114800 0.7778 0.0033
mdl/plants_marine.png
 11 -28.152340 8.936010 3.014649 0.777000 0.626700 0.059600 0.9587 0.0488
 11 -27.192340 6.276010 18.694650 -0.103700 0.082500 -0.991200 0.8791 0.0286
 11 -28.732340 9.646010 3.134649 -0.777000 -0.626700 -0.059600 0.9582 0.0782
mdl/plants_marine.png
 11 -28.562340 7.926010 18.974650 0.103700 -0.082500 0.991200 0.8779 0.0977
 11 -28.732340 9.646010 3.134649 -0.777000 -0.626700 -0.059600 0.9582 0.0782
 11 -27.192340 6.276010 18.694650 -0.103700 0.082500 -0.991200 0.8791 0.0286
mdl/plants_marine.png
 11 -27.192340 6.276010 18.694650 -0.103700 0.082500 -0.991200 0.8791 0.0286
 11 -24.992340 5.846010 30.884650 -0.758700 -0.641200 0.114800 0.7778 0.0033
 11 -28.562340 7.926010 18.974650 0.103700 -0.082500 0.991200 0.8779 0.0977
mdl/plants_marine.png
 11 -26.522340 7.706010 31.194650 0.758700 0.641200 -0.114800 0.7757 0.1221
 11 -28.562340 7.926010 18.974650 0.103700 -0.082500 0.991200 0.8779 0.0977
 11 -24.992340 5.846010 30.884650 -0.758700 -0.641200 0.114800 0.7778 0.0033
mdl/plants_marine.png
 11 -24.992340 5.846010 30.884650 -0.758700 -0.641200 0.114800 0.7778 0.0033
 11 -20.512330 9.286010 41.564650 1.000000 0.000000 0.000000 0.7185 0.0624
 11 -26.522340 7.706010 31.194650 0.758700 0.641200 -0.114800 0.7757 0.1221
mdl/plants_marine.png
 11 -28.012330 10.586010 0.794650 -0.951400 0.270400 0.147300 0.9582 0.0782
 11 -26.602330 5.646010 18.934650 0.147400 -0.337300 0.929800 0.8779 0.0977
 11 -28.362340 9.526011 0.464649 0.951400 -0.270400 -0.147300 0.9587 0.0488
mdl/plants_marine.png
 11 -27.592330 2.686010 18.024650 -0.147400 0.337300 -0.929800 0.8791 0.0286
 11 -28.362340 9.526011 0.464649 0.951400 -0.270400 -0.147300 0.9587 0.0488
 11 -26.602330 5.646010 18.934650 0.147400 -0.337300 0.929800 0.8779 0.0977
mdl/plants_marine.png
 11 -26.602330 5.646010 18.934650 0.147400 -0.337300 0.929800 0.8779 0.0977
 11 -22.172330 -0.833990 35.774650 0.923500 -0.206700 -0.323000 0.7757 0.1221
 11 -27.592330 2.686010 18.024650 -0.147400 0.337300 -0.929800 0.8791 0.0286
mdl/plants_marine.png
 11 -23.272340 -4.143990 34.744650 -0.923500 0.206700 0.323000 0.7778 0.0033
 11 -27.592330 2.686010 18.024650 -0.147400 0.337300 -0.929800 0.8791 0.0286
 11 -22.172330 -0.833990 35.774650 0.923500 -0.206700 -0.323000 0.7757 0.1221
mdl/plants_marine.png
 11 -22.172330 -0.833990 35.774650 0.923500 -0.206700 -0.323000 0.7757 0.1221
 11 -14.562340 -8.223989 45.014650 1.000000 0.000000 0.000000 0.7185 0.0624
 11 -23.272340 -4.143990 34.744650 -0.923500 0.206700 0.323000 0.7778 0.0033
mdl/plants_marine.png
 11 -28.362340 9.526011 0.464649 0.951400 -0.270400 -0.147300 0.9587 0.0488
 11 -27.592330 2.686010 18.024650 -0.147400 0.337300 -0.929800 0.8791 0.0286
 11 -28.012330 10.586010 0.794650 -0.951400 0.270400 0.147300 0.9582 0.0782
mdl/plants_marine.png
 11 -26.602330 5.646010 18.934650 0.147400 -0.337300 0.929800 0.8779 0.0977
 11 -28.012330 10.586010 0.794650 -0.951400 0.270400 0.147300 0.9582 0.0782
 11 -27.592330 2.686010 18.024650 -0.147400 0.337300 -0.929800 0.8791 0.0286
mdl/plants_marine.png
 11 -27.592330 2.686010 18.024650 -0.147400 0.337300 -0.929800 0.8791 0.0286
 11 -23.272340 -4.143990 34.744650 -0.923500 0.206700 0.323000 0.7778 0.0033
 11 -26.602330 5.646010 18.934650 0.147400 -0.337300 0.929800 0.8779 0.0977
mdl/plants_marine.png
 11 -22.172330 -0.833990 35.774650 0.923500 -0.206700 -0.323000 0.7757 0.1221
 11 -26.602330 5.646010 18.934650 0.147400 -0.337300 0.929800 0.8779 0.0977
 11 -23.272340 -4.143990 34.744650 -0.923500 0.206700 0.323000 0.7778 0.0033
mdl/plants_marine.png
 11 -23.272340 -4.143990 34.744650 -0.923500 0.206700 0.323000 0.7778 0.0033
 11 -14.562340 -8.223989 45.014650 1.000000 0.000000 0.000000 0.7185 0.0624
 11 -22.172330 -0.833990 35.774650 0.923500 -0.206700 -0.323000 0.7757 0.1221
mdl/plants_marine.png
 11 -28.482340 9.246010 1.704650 0.703700 -0.703300 0.101200 0.9582 0.0782
 11 -33.792340 6.386010 18.744650 -0.321300 -0.060500 0.945000 0.8779 0.0977
 11 -27.782340 9.976010 1.984650 -0.703700 0.703300 -0.101200 0.9587 0.0488
mdl/plants_marine.png
 11 -31.872340 8.406010 19.524650 0.321300 0.060500 -0.945000 0.8791 0.0286
 11 -27.782340 9.976010 1.984650 -0.703700 0.703300 -0.101200 0.9587 0.0488
 11 -33.792340 6.386010 18.744650 -0.321300 -0.060500 0.945000 0.8779 0.0977
mdl/plants_marine.png
 11 -33.792340 6.386010 18.744650 -0.321300 -0.060500 0.945000 0.8779 0.0977
 11 -39.162330 6.386010 31.734650 -0.647200 0.713900 -0.267400 0.7757 0.1221
 11 -31.872340 8.406010 19.524650 0.321300 0.060500 -0.945000 0.8791 0.0286
mdl/plants_marine.png
 11 -37.172340 8.476010 32.544650 0.647200 -0.713900 0.267400 0.7778 0.0033
 11 -31.872340 8.406010 19.524650 0.321300 0.060500 -0.945000 0.8791 0.0286
 11 -39.162330 6.386010 31.734650 -0.647200 0.713900 -0.267400 0.7757 0.1221
mdl/plants_marine.png
 11 -39.162330 6.386010 31.734650 -0.647200 0.713900 -0.267400 0.7757 0.1221
 11 -46.202340 11.006010 42.544650 1.000000 0.000000 0.000000 0.7185 0.0624
 11 -37.172340 8.476010 32.544650 0.647200 -0.713900 0.267400 0.7778 0.0033
mdl/plants_marine.png
 11 -27.782340 9.976010 1.984650 -0.703700 0.703300 -0.101200 0.9587 0.0488
 11 -31.872340 8.406010 19.524650 0.321300 0.060500 -0.945000 0.8791 0.0286
 11 -28.482340 9.246010 1.704650 0.703700 -0.703300 0.101200 0.9582 0.0782
mdl/plants_marine.png
 11 -33.792340 6.386010 18.744650 -0.321300 -0.060500 0.945000 0.8779 0.0977
 11 -28.482340 9.246010 1.704650 0.703700 -0.703300 0.101200 0.9582 0.0782
 11 -31.872340 8.406010 19.524650 0.321300 0.060500 -0.945000 0.8791 0.0286
mdl/plants_marine.png
 11 -31.872340 8.406010 19.524650 0.321300 0.060500 -0.945000 0.8791 0.0286
 11 -37.172340 8.476010 32.544650 0.647200 -0.713900 0.267400 0.7778 0.0033
 11 -33.792340 6.386010 18.744650 -0.321300 -0.060500 0.945000 0.8779 0.0977
mdl/plants_marine.png
 11 -39.162330 6.386010 31.734650 -0.647200 0.713900 -0.267400 0.7757 0.1221
 11 -33.792340 6.386010 18.744650 -0.321300 -0.060500 0.945000 0.8779 0.0977
 11 -37.172340 8.476010 32.544650 0.647200 -0.713900 0.267400 0.7778 0.0033
mdl/plants_marine.png
 11 -37.172340 8.476010 32.544650 0.647200 -0.713900 0.267400 0.7778 0.0033
 11 -46.202340 11.006010 42.544650 1.000000 0.000000 0.000000 0.7185 0.0624
 11 -39.162330 6.386010 31.734650 -0.647200 0.713900 -0.267400 0.7757 0.1221
mdl/plants_marine.png
 11 -28.582330 10.156010 -0.065351 -0.145600 -0.986200 -0.079100 0.9582 0.0782
 11 -31.552340 8.986010 19.944650 -0.077500 0.020700 0.996800 0.8779 0.0977
 11 -27.432330 9.976010 0.034650 0.145600 0.986200 0.079100 0.9587 0.0488
mdl/plants_marine.png
 11 -28.122340 8.456010 20.214650 0.077500 -0.020700 -0.996800 0.8791 0.0286
 11 -27.432330 9.976010 0.034650 0.145600 0.986200 0.079100 0.9587 0.0488
 11 -31.552340 8.986010 19.944650 -0.077500 0.020700 0.996800 0.8779 0.0977
mdl/plants_marine.png
 11 -31.552340 8.986010 19.944650 -0.077500 0.020700 0.996800 0.8779 0.0977
 11 -32.762340 10.716010 35.544650 0.159300 0.982500 -0.096300 0.7757 0.1221
 11 -28.122340 8.456010 20.214650 0.077500 -0.020700 -0.996800 0.8791 0.0286
mdl/plants_marine.png
 11 -28.912330 10.116010 35.854650 -0.159300 -0.982500 0.096300 0.7778 0.0033
 11 -28.122340 8.456010 20.214650 0.077500 -0.020700 -0.996800 0.8791 0.0286
 11 -32.762340 10.716010 35.544650 0.159300 0.982500 -0.096300 0.7757 0.1221
mdl/plants_marine.png
 11 -32.762340 10.716010 35.544650 0.159300 0.982500 -0.096300 0.7757 0.1221
 11 -30.852330 17.416010 49.264650 1.000000 0.000000 0.000000 0.7185 0.0624
 11 -28.912330 10.116010 35.854650 -0.159300 -0.982500 0.096300 0.7778 0.0033
mdl/plants_marine.png
 11 -27.432330 9.976010 0.034650 0.145600 0.986200 0.079100 0.9587 0.0488
 11 -28.122340 8.456010 20.214650 0.077500 -0.020700 -0.996800 0.8791 0.0286
 11 -28.582330 10.156010 -0.065351 -0.145600 -0.986200 -0.079100 0.9582 0.0782
mdl/plants_marine.png
 11 -31.552340 8.986010 19.944650 -0.077500 0.020700 0.996800 0.8779 0.0977
 11 -28.582330 10.156010 -0.065351 -0.145600 -0.986200 -0.079100 0.9582 0.0782
 11 -28.122340 8.456010 20.214650 0.077500 -0.020700 -0.996800 0.8791 0.0286
mdl/plants_marine.png
 11 -28.122340 8.456010 20.214650 0.077500 -0.020700 -0.996800 0.8791 0.0286
 11 -28.912330 10.116010 35.854650 -0.159300 -0.982500 0.096300 0.7778 0.0033
 11 -31.552340 8.986010 19.944650 -0.077500 0.020700 0.996800 0.8779 0.0977
mdl/plants_marine.png
 11 -32.762340 10.716010 35.544650 0.159300 0.982500 -0.096300 0.7757 0.1221
 11 -31.552340 8.986010 19.944650 -0.077500 0.020700 0.996800 0.8779 0.0977
 11 -28.912330 10.116010 35.854650 -0.159300 -0.982500 0.096300 0.7778 0.0033
mdl/plants_marine.png
 11 -28.912330 10.116010 35.854650 -0.159300 -0.982500 0.096300 0.7778 0.0033
 11 -30.852330 17.416010 49.264650 1.000000 0.000000 0.000000 0.7185 0.0624
 11 -32.762340 10.716010 35.544650 0.159300 0.982500 -0.096300 0.7757 0.1221
mdl/plants_marine.png
 12 19.280880 32.632520 2.704650 0.530000 -0.568600 -0.629100 0.9493 0.08
 12 24.640880 21.242520 17.524650 -0.290400 0.709700 -0.641800 0.8738 0.0994
 12 20.450880 33.382520 3.004650 -0.530000 0.568600 0.629100 0.9493 0.0512
mdl/plants_marine.png
 12 27.380880 23.002520 18.234650 0.290400 -0.709700 0.641800 0.8738 0.0319
 12 20.450880 33.382520 3.004650 -0.530000 0.568600 0.629100 0.9493 0.0512
 12 24.640880 21.242520 17.524650 -0.290400 0.709700 -0.641800 0.8738 0.0994
mdl/plants_marine.png
 12 24.640880 21.242520 17.524650 -0.290400 0.709700 -0.641800 0.8738 0.0994
 12 30.530880 11.472520 24.804650 -0.440700 0.350400 0.826500 0.7778 0.1237
 12 27.380880 23.002520 18.234650 0.290400 -0.709700 0.641800 0.8738 0.0319
mdl/plants_marine.png
 12 33.600880 13.452520 25.604650 0.440700 -0.350400 -0.826500 0.7778 0.0076
 12 27.380880 23.002520 18.234650 0.290400 -0.709700 0.641800 0.8738 0.0319
 12 30.530880 11.472520 24.804650 -0.440700 0.350400 0.826500 0.7778 0.1237
mdl/plants_marine.png
 12 30.530880 11.472520 24.804650 -0.440700 0.350400 0.826500 0.7778 0.1237
 12 39.900880 1.642521 22.764650 1.000000 0.000000 0.000000 0.7228 0.0656
 12 33.600880 13.452520 25.604650 0.440700 -0.350400 -0.826500 0.7778 0.0076
mdl/plants_marine.png
 12 20.450880 33.382520 3.004650 -0.530000 0.568600 0.629100 0.9493 0.0512
 12 27.380880 23.002520 18.234650 0.290400 -0.709700 0.641800 0.8738 0.0319
 12 19.280880 32.632520 2.704650 0.530000 -0.568600 -0.629100 0.9493 0.08
mdl/plants_marine.png
 12 24.640880 21.242520 17.524650 -0.290400 0.709700 -0.641800 0.8738 0.0994
 12 19.280880 32.632520 2.704650 0.530000 -0.568600 -0.629100 0.9493 0.08
 12 27.380880 23.002520 18.234650 0.290400 -0.709700 0.641800 0.8738 0.0319
mdl/plants_marine.png
 12 27.380880 23.002520 18.234650 0.290400 -0.709700 0.641800 0.8738 0.0319
 12 33.600880 13.452520 25.604650 0.440700 -0.350400 -0.826500 0.7778 0.0076
 12 24.640880 21.242520 17.524650 -0.290400 0.709700 -0.641800 0.8738 0.0994
mdl/plants_marine.png
 12 30.530880 11.472520 24.804650 -0.440700 0.350400 0.826500 0.7778 0.1237
 12 24.640880 21.242520 17.524650 -0.290400 0.709700 -0.641800 0.8738 0.0994
 12 33.600880 13.452520 25.604650 0.440700 -0.350400 -0.826500 0.7778 0.0076
mdl/plants_marine.png
 12 33.600880 13.452520 25.604650 0.440700 -0.350400 -0.826500 0.7778 0.0076
 12 39.900880 1.642521 22.764650 1.000000 0.000000 0.000000 0.7228 0.0656
 12 30.530880 11.472520 24.804650 -0.440700 0.350400 0.826500 0.7778 0.1237
mdl/plants_marine.png
 12 18.550880 34.092520 -4.325350 0.804900 -0.422400 -0.416800 0.9493 0.08
 12 25.710880 22.662520 21.114650 -0.350400 0.383700 -0.854400 0.8738 0.0994
 12 19.420880 35.482520 -4.055351 -0.804900 0.422400 0.416800 0.9493 0.0512
mdl/plants_marine.png
 12 28.380880 26.922520 21.934650 0.350400 -0.383700 0.854400 0.8738 0.0319
 12 19.420880 35.482520 -4.055351 -0.804900 0.422400 0.416800 0.9493 0.0512
 12 25.710880 22.662520 21.114650 -0.350400 0.383700 -0.854400 0.8738 0.0994
mdl/plants_marine.png
 12 25.710880 22.662520 21.114650 -0.350400 0.383700 -0.854400 0.8738 0.0994
 12 34.580880 12.592520 39.044650 -0.743300 0.354900 0.567100 0.7778 0.1237
 12 28.380880 26.922520 21.934650 0.350400 -0.383700 0.854400 0.8738 0.0319
mdl/plants_marine.png
 12 38.190880 18.362520 40.154650 0.743300 -0.354900 -0.567100 0.7778 0.0076
 12 28.380880 26.922520 21.934650 0.350400 -0.383700 0.854400 0.8738 0.0319
 12 34.580880 12.592520 39.044650 -0.743300 0.354900 0.567100 0.7778 0.1237
mdl/plants_marine.png
 12 34.580880 12.592520 39.044650 -0.743300 0.354900 0.567100 0.7778 0.1237
 12 50.700880 4.252522 51.424650 1.000000 0.000000 0.000000 0.7228 0.0656
 12 38.190880 18.362520 40.154650 0.743300 -0.354900 -0.567100 0.7778 0.0076
mdl/plants_marine.png
 12 19.420880 35.482520 -4.055351 -0.804900 0.422400 0.416800 0.9493 0.0512
 12 28.380880 26.922520 21.934650 0.350400 -0.383700 0.854400 0.8738 0.0319
 12 18.550880 34.092520 -4.325350 0.804900 -0.422400 -0.416800 0.9493 0.08
mdl/plants_marine.png
 12 25.710880 22.662520 21.114650 -0.350400 0.383700 -0.854400 0.8738 0.0994
 12 18.550880 34.092520 -4.325350 0.804900 -0.422400 -0.416800 0.9493 0.08
 12 28.380880 26.922520 21.934650 0.350400 -0.383700 0.854400 0.8738 0.0319
mdl/plants_marine.png
 12 28.380880 26.922520 21.934650 0.350400 -0.383700 0.854400 0.8738 0.0319
 12 38.190880 18.362520 40.154650 0.743300 -0.354900 -0.567100 0.7778 0.0076
 12 25.710880 22.662520 21.114650 -0.350400 0.383700 -0.854400 0.8738 0.0994
mdl/plants_marine.png
 12 34.580880 12.592520 39.044650 -0.743300 0.354900 0.567100 0.7778 0.1237
 12 25.710880 22.662520 21.114650 -0.350400 0.383700 -0.854400 0.8738 0.0994
 12 38.190880 18.362520 40.154650 0.743300 -0.354900 -0.567100 0.7778 0.0076
mdl/plants_marine.png
 12 38.190880 18.362520 40.154650 0.743300 -0.354900 -0.567100 0.7778 0.0076
 12 50.700880 4.252522 51.424650 1.000000 0.000000 0.000000 0.7228 0.0656
 12 34.580880 12.592520 39.044650 -0.743300 0.354900 0.567100 0.7778 0.1237
mdl/plants_marine.png
 12 19.060880 33.752520 0.144650 -0.154600 -0.891600 -0.425700 0.9493 0.08
 12 20.140880 24.352520 19.434650 -0.074900 0.518400 -0.851900 0.8738 0.0994
 12 20.280880 33.622520 -0.045350 0.154600 0.891600 0.425700 0.9493 0.0512
mdl/plants_marine.png
 12 23.010880 24.062520 18.994650 0.074900 -0.518400 0.851900 0.8738 0.0319
 12 20.280880 33.622520 -0.045350 0.154600 0.891600 0.425700 0.9493 0.0512
 12 20.140880 24.352520 19.434650 -0.074900 0.518400 -0.851900 0.8738 0.0994
mdl/plants_marine.png
 12 20.140880 24.352520 19.434650 -0.074900 0.518400 -0.851900 0.8738 0.0994
 12 20.980880 14.492520 32.894650 0.167800 0.800400 0.575500 0.7778 0.1237
 12 23.010880 24.062520 18.994650 0.074900 -0.518400 0.851900 0.8738 0.0319
mdl/plants_marine.png
 12 24.190880 14.172520 32.414650 -0.167800 -0.800400 -0.575500 0.7778 0.0076
 12 23.010880 24.062520 18.994650 0.074900 -0.518400 0.851900 0.8738 0.0319
 12 20.980880 14.492520 32.894650 0.167800 0.800400 0.575500 0.7778 0.1237
mdl/plants_marine.png
 12 20.980880 14.492520 32.894650 0.167800 0.800400 0.575500 0.7778 0.1237
 12 22.500880 0.682520 41.384650 1.000000 0.000000 0.000000 0.7228 0.0656
 12 24.190880 14.172520 32.414650 -0.167800 -0.800400 -0.575500 0.7778 0.0076
mdl/plants_marine.png
 12 20.280880 33.622520 -0.045350 0.154600 0.891600 0.425700 0.9493 0.0512
 12 23.010880 24.062520 18.994650 0.074900 -0.518400 0.851900 0.8738 0.0319
 12 19.060880 33.752520 0.144650 -0.154600 -0.891600 -0.425700 0.9493 0.08
mdl/plants_marine.png
 12 20.140880 24.352520 19.434650 -0.074900 0.518400 -0.851900 0.8738 0.0994
 12 19.060880 33.752520 0.144650 -0.154600 -0.891600 -0.425700 0.9493 0.08
 12 23.010880 24.062520 18.994650 0.074900 -0.518400 0.851900 0.8738 0.0319
mdl/plants_marine.png
 12 23.010880 24.062520 18.994650 0.074900 -0.518400 0.851900 0.8738 0.0319
 12 24.190880 14.172520 32.414650 -0.167800 -0.800400 -0.575500 0.7778 0.0076
 12 20.140880 24.352520 19.434650 -0.074900 0.518400 -0.851900 0.8738 0.0994
mdl/plants_marine.png
 12 20.980880 14.492520 32.894650 0.167800 0.800400 0.575500 0.7778 0.1237
 12 20.140880 24.352520 19.434650 -0.074900 0.518400 -0.851900 0.8738 0.0994
 12 24.190880 14.172520 32.414650 -0.167800 -0.800400 -0.575500 0.7778 0.0076
mdl/plants_marine.png
 12 24.190880 14.172520 32.414650 -0.167800 -0.800400 -0.575500 0.7778 0.0076
 12 22.500880 0.682520 41.384650 1.000000 0.000000 0.000000 0.7228 0.0656
 12 20.980880 14.492520 32.894650 0.167800 0.800400 0.575500 0.7778 0.1237
mdl/plants_marine.png
 12 20.120880 34.042520 -0.235351 -0.777000 0.626700 0.059600 0.9493 0.08
 12 19.880880 31.672520 21.634650 0.103700 0.082500 -0.991200 0.8738 0.0994
 12 19.320880 33.072520 -0.395351 0.777000 -0.626700 -0.059600 0.9493 0.0512
mdl/plants_marine.png
 12 18.000880 29.382520 21.244650 -0.103700 -0.082500 0.991200 0.8738 0.0319
 12 19.320880 33.072520 -0.395351 0.777000 -0.626700 -0.059600 0.9493 0.0512
 12 19.880880 31.672520 21.634650 0.103700 0.082500 -0.991200 0.8738 0.0994
mdl/plants_marine.png
 12 19.880880 31.672520 21.634650 0.103700 0.082500 -0.991200 0.8738 0.0994
 12 17.070880 31.362520 38.504650 0.758700 -0.641200 0.114800 0.7778 0.1237
 12 18.000880 29.382520 21.244650 -0.103700 -0.082500 0.991200 0.8738 0.0319
mdl/plants_marine.png
 12 14.960880 28.792520 38.064650 -0.758700 0.641200 -0.114800 0.7778 0.0076
 12 18.000880 29.382520 21.244650 -0.103700 -0.082500 0.991200 0.8738 0.0319
 12 17.070880 31.362520 38.504650 0.758700 -0.641200 0.114800 0.7778 0.1237
mdl/plants_marine.png
 12 17.070880 31.362520 38.504650 0.758700 -0.641200 0.114800 0.7778 0.1237
 12 8.780878 33.552520 52.804650 1.000000 0.000000 0.000000 0.7228 0.0656
 12 14.960880 28.792520 38.064650 -0.758700 0.641200 -0.114800 0.7778 0.0076
mdl/plants_marine.png
 12 19.320880 33.072520 -0.395351 0.777000 -0.626700 -0.059600 0.9493 0.0512
 12 18.000880 29.382520 21.244650 -0.103700 -0.082500 0.991200 0.8738 0.0319
 12 20.120880 34.042520 -0.235351 -0.777000 0.626700 0.059600 0.9493 0.08
mdl/plants_marine.png
 12 19.880880 31.672520 21.634650 0.103700 0.082500 -0.991200 0.8738 0.0994
 12 20.120880 34.042520 -0.235351 -0.777000 0.626700 0.059600 0.9493 0.08
 12 18.000880 29.382520 21.244650 -0.103700 -0.082500 0.991200 0.8738 0.0319
mdl/plants_marine.png
 12 18.000880 29.382520 21.244650 -0.103700 -0.082500 0.991200 0.8738 0.0319
 12 14.960880 28.792520 38.064650 -0.758700 0.641200 -0.114800 0.7778 0.0076
 12 19.880880 31.672520 21.634650 0.103700 0.082500 -0.991200 0.8738 0.0994
mdl/plants_marine.png
 12 17.070880 31.362520 38.504650 0.758700 -0.641200 0.114800 0.7778 0.1237
 12 19.880880 31.672520 21.634650 0.103700 0.082500 -0.991200 0.8738 0.0994
 12 14.960880 28.792520 38.064650 -0.758700 0.641200 -0.114800 0.7778 0.0076
mdl/plants_marine.png
 12 14.960880 28.792520 38.064650 -0.758700 0.641200 -0.114800 0.7778 0.0076
 12 8.780878 33.552520 52.804650 1.000000 0.000000 0.000000 0.7228 0.0656
 12 17.070880 31.362520 38.504650 0.758700 -0.641200 0.114800 0.7778 0.1237
mdl/plants_marine.png
 12 19.120880 35.342520 -3.455350 -0.951400 -0.270400 -0.147300 0.9493 0.08
 12 17.180880 28.522520 21.584650 0.147400 0.337300 -0.929800 0.8738 0.0994
 12 19.610880 33.872520 -3.915350 0.951400 0.270400 0.147300 0.9493 0.0512
mdl/plants_marine.png
 12 18.540880 24.432520 20.314650 -0.147400 -0.337300 0.929800 0.8738 0.0319
 12 19.610880 33.872520 -3.915350 0.951400 0.270400 0.147300 0.9493 0.0512
 12 17.180880 28.522520 21.584650 0.147400 0.337300 -0.929800 0.8738 0.0994
mdl/plants_marine.png
 12 17.180880 28.522520 21.584650 0.147400 0.337300 -0.929800 0.8738 0.0994
 12 11.060880 19.582520 44.814650 0.923500 0.206700 0.323000 0.7778 0.1237
 12 18.540880 24.432520 20.314650 -0.147400 -0.337300 0.929800 0.8738 0.0319
mdl/plants_marine.png
 12 12.580880 15.002520 43.394650 -0.923500 -0.206700 -0.323000 0.7778 0.0076
 12 18.540880 24.432520 20.314650 -0.147400 -0.337300 0.929800 0.8738 0.0319
 12 11.060880 19.582520 44.814650 0.923500 0.206700 0.323000 0.7778 0.1237
mdl/plants_marine.png
 12 11.060880 19.582520 44.814650 0.923500 0.206700 0.323000 0.7778 0.1237
 12 0.560877 9.372520 57.574650 1.000000 0.000000 0.000000 0.7228 0.0656
 12 12.580880 15.002520 43.394650 -0.923500 -0.206700 -0.323000 0.7778 0.0076
mdl/plants_marine.png
 12 19.610880 33.872520 -3.915350 0.951400 0.270400 0.147300 0.9493 0.0512
 12 18.540880 24.432520 20.314650 -0.147400 -0.337300 0.929800 0.8738 0.0319
 12 19.120880 35.342520 -3.455350 -0.951400 -0.270400 -0.147300 0.9493 0.08
mdl/plants_marine.png
 12 17.180880 28.522520 21.584650 0.147400 0.337300 -0.929800 0.8738 0.0994
 12 19.120880 35.342520 -3.455350 -0.951400 -0.270400 -0.147300 0.9493 0.08
 12 18.540880 24.432520 20.314650 -0.147400 -0.337300 0.929800 0.8738 0.0319
mdl/plants_marine.png
 12 18.540880 24.432520 20.314650 -0.147400 -0.337300 0.929800 0.8738 0.0319
 12 12.580880 15.002520 43.394650 -0.923500 -0.206700 -0.323000 0.7778 0.0076
 12 17.180880 28.522520 21.584650 0.147400 0.337300 -0.929800 0.8738 0.0994
mdl/plants_marine.png
 12 11.060880 19.582520 44.814650 0.923500 0.206700 0.323000 0.7778 0.1237
 12 17.180880 28.522520 21.584650 0.147400 0.337300 -0.929800 0.8738 0.0994
 12 12.580880 15.002520 43.394650 -0.923500 -0.206700 -0.323000 0.7778 0.0076
mdl/plants_marine.png
 12 12.580880 15.002520 43.394650 -0.923500 -0.206700 -0.323000 0.7778 0.0076
 12 0.560877 9.372520 57.574650 1.000000 0.000000 0.000000 0.7228 0.0656
 12 11.060880 19.582520 44.814650 0.923500 0.206700 0.323000 0.7778 0.1237
mdl/plants_marine.png
 12 19.770880 33.492520 -2.205350 0.703700 0.703300 -0.101200 0.9493 0.08
 12 27.100880 29.542520 21.314650 -0.321300 0.060500 -0.945000 0.8738 0.0994
 12 18.810880 34.502520 -1.815351 -0.703700 -0.703300 0.101200 0.9493 0.0512
mdl/plants_marine.png
 12 24.450880 32.332520 22.394650 0.321300 -0.060500 0.945000 0.8738 0.0319
 12 18.810880 34.502520 -1.815351 -0.703700 -0.703300 0.101200 0.9493 0.0512
 12 27.100880 29.542520 21.314650 -0.321300 0.060500 -0.945000 0.8738 0.0994
mdl/plants_marine.png
 12 27.100880 29.542520 21.314650 -0.321300 0.060500 -0.945000 0.8738 0.0994
 12 34.510880 29.542520 39.234650 -0.647200 -0.713900 0.267400 0.7778 0.1237
 12 24.450880 32.332520 22.394650 0.321300 -0.060500 0.945000 0.8738 0.0319
mdl/plants_marine.png
 12 31.770880 32.432520 40.354650 0.647200 0.713900 -0.267400 0.7778 0.0076
 12 24.450880 32.332520 22.394650 0.321300 -0.060500 0.945000 0.8738 0.0319
 12 34.510880 29.542520 39.234650 -0.647200 -0.713900 0.267400 0.7778 0.1237
mdl/plants_marine.png
 12 34.510880 29.542520 39.234650 -0.647200 -0.713900 0.267400 0.7778 0.1237
 12 44.230880 35.922520 54.164650 1.000000 0.000000 0.000000 0.7228 0.0656
 12 31.770880 32.432520 40.354650 0.647200 0.713900 -0.267400 0.7778 0.0076
mdl/plants_marine.png
 12 18.810880 34.502520 -1.815351 -0.703700 -0.703300 0.101200 0.9493 0.0512
 12 24.450880 32.332520 22.394650 0.321300 -0.060500 0.945000 0.8738 0.0319
 12 19.770880 33.492520 -2.205350 0.703700 0.703300 -0.101200 0.9493 0.08
mdl/plants_marine.png
 12 27.100880 29.542520 21.314650 -0.321300 0.060500 -0.945000 0.8738 0.0994
 12 19.770880 33.492520 -2.205350 0.703700 0.703300 -0.101200 0.9493 0.08
 12 24.450880 32.332520 22.394650 0.321300 -0.060500 0.945000 0.8738 0.0319
mdl/plants_marine.png
 12 24.450880 32.332520 22.394650 0.321300 -0.060500 0.945000 0.8738 0.0319
 12 31.770880 32.432520 40.354650 0.647200 0.713900 -0.267400 0.7778 0.0076
 12 27.100880 29.542520 21.314650 -0.321300 0.060500 -0.945000 0.8738 0.0994
mdl/plants_marine.png
 12 34.510880 29.542520 39.234650 -0.647200 -0.713900 0.267400 0.7778 0.1237
 12 27.100880 29.542520 21.314650 -0.321300 0.060500 -0.945000 0.8738 0.0994
 12 31.770880 32.432520 40.354650 0.647200 0.713900 -0.267400 0.7778 0.0076
mdl/plants_marine.png
 12 31.770880 32.432520 40.354650 0.647200 0.713900 -0.267400 0.7778 0.0076
 12 44.230880 35.922520 54.164650 1.000000 0.000000 0.000000 0.7228 0.0656
 12 34.510880 29.542520 39.234650 -0.647200 -0.713900 0.267400 0.7778 0.1237
mdl/plants_marine.png
 12 19.910880 34.742520 -4.645350 -0.145600 0.986200 0.079100 0.9493 0.08
 12 24.020880 33.132520 22.964650 -0.077500 -0.020700 -0.996800 0.8738 0.0994
 12 18.320880 34.492520 -4.515350 0.145600 -0.986200 -0.079100 0.9493 0.0512
mdl/plants_marine.png
 12 19.270880 32.402520 23.354650 0.077500 0.020700 0.996800 0.8738 0.0319
 12 18.320880 34.492520 -4.515350 0.145600 -0.986200 -0.079100 0.9493 0.0512
 12 24.020880 33.132520 22.964650 -0.077500 -0.020700 -0.996800 0.8738 0.0994
mdl/plants_marine.png
 12 24.020880 33.132520 22.964650 -0.077500 -0.020700 -0.996800 0.8738 0.0994
 12 25.690880 35.512520 44.494650 0.159300 -0.982500 0.096300 0.7778 0.1237
 12 19.270880 32.402520 23.354650 0.077500 0.020700 0.996800 0.8738 0.0319
mdl/plants_marine.png
 12 20.370880 34.692520 44.924650 -0.159300 0.982500 -0.096300 0.7778 0.0076
 12 19.270880 32.402520 23.354650 0.077500 0.020700 0.996800 0.8738 0.0319
 12 25.690880 35.512520 44.494650 0.159300 -0.982500 0.096300 0.7778 0.1237
mdl/plants_marine.png
 12 25.690880 35.512520 44.494650 0.159300 -0.982500 0.096300 0.7778 0.1237
 12 23.050880 44.762520 63.434650 1.000000 0.000000 0.000000 0.7228 0.0656
 12 20.370880 34.692520 44.924650 -0.159300 0.982500 -0.096300 0.7778 0.0076
mdl/plants_marine.png
