version 1
nodes
  0 "Bip01"  -1
  1 "Bip01 Pelvis"   0
  2 "Bip01 Spine"   1
  3 "Bip01 L Thigh"   2
  4 "Bip01 L Calf"   3
  5 "Bip01 L Foot"   4
  6 "Bip01 L Toe0"   5
  7 "Bip01 R Thigh"   2
  8 "Bip01 R Calf"   7
  9 "Bip01 R Foot"   8
 10 "Bip01 R Toe0"   9
 11 "Bip01 Spine1"   2
 12 "Bip01 Spine2"  11
 13 "Bip01 Spine3"  12
 14 "Bip01 Neck"  13
 15 "Bip01 Head"  14
 16 "Bone09"  15
 17 "Bone13"  15
 18 "Bone11"  15
 19 "Bone01"  15
 20 "Bone05"  15
 21 "Bone07"  15
 22 "Bone03"  15
 23 "Bone17"  15
 24 "Bone15"  15
 25 "Bone19"  15
 26 "Bone21"  15
 27 "Bone22"  26
 28 "Bone23"  27
 29 "Bone26"  26
 30 "Bone27"  29
 31 "Bone39"  15
 32 "Bone30"  31
 33 "Bone31"  32
 34 "Bone32"  33
 35 "Bone35"  32
 36 "Bone36"  35
 37 "Bip01 L Clavicle"  14
 38 "Bip01 L UpperArm"  37
 39 "Bip01 L Forearm"  38
 40 "Bip01 L Hand"  39
 41 "Bip01 L Finger0"  40
 42 "Bip01 L Finger01"  41
 43 "Bip01 L Finger02"  42
 44 "Bip01 L Finger1"  40
 45 "Bip01 L Finger11"  44
 46 "Bip01 L Finger12"  45
 47 "Bip01 L Finger2"  40
 48 "Bip01 L Finger21"  47
 49 "Bip01 L Finger22"  48
 50 "Bip01 L Finger3"  40
 51 "Bip01 L Finger31"  50
 52 "Bip01 L Finger32"  51
 53 "Bip01 L Finger4"  40
 54 "Bip01 L Finger41"  53
 55 "Bip01 L Finger42"  54
 56 "Bip01 R Clavicle"  14
 57 "Bip01 R UpperArm"  56
 58 "Bip01 R Forearm"  57
 59 "Bip01 R Hand"  58
 60 "Bip01 R Finger0"  59
 61 "Bip01 R Finger01"  60
 62 "Bip01 R Finger02"  61
 63 "Bip01 R Finger1"  59
 64 "Bip01 R Finger11"  63
 65 "Bip01 R Finger12"  64
 66 "Bip01 R Finger2"  59
 67 "Bip01 R Finger21"  66
 68 "Bip01 R Finger22"  67
 69 "Bip01 R Finger3"  59
 70 "Bip01 R Finger31"  69
 71 "Bip01 R Finger32"  70
 72 "Bip01 R Finger4"  59
 73 "Bip01 R Finger41"  72
 74 "Bip01 R Finger42"  73
end
skeleton
time 0
  0 -0.000296 -0.778851 42.308350 0.000000 0.000000 -1.570795
  1 -0.406711 0.000000 0.000000 -1.570795 -1.570451 0.000000
  2 2.560135 -0.359346 0.000005 -0.000004 -0.000001 0.096789
  3 -2.513427 0.605065 3.269791 -0.122886 -3.116810 -0.046404
  4 18.503230 0.000000 0.000000 0.000000 0.000000 0.014283
  5 16.456150 0.000000 0.000000 -0.114083 -0.030740 0.032707
  6 7.405087 3.304077 0.000000 0.000000 0.000000 1.570796
  7 -2.513427 0.605083 -3.269789 0.122881 3.116810 -0.046404
  8 18.503230 0.000000 0.000000 0.000000 0.000000 0.014283
  9 16.456150 0.000000 0.000000 0.114083 0.030740 0.032707
 10 7.405087 3.304077 0.000000 0.000000 0.000000 1.570796
 11 4.041358 -0.002928 0.000000 0.000000 0.000000 -0.017453
 12 3.677621 -0.003443 0.000000 0.000000 0.000000 -0.148353
 13 4.371126 -0.004226 0.000000 0.000000 0.000000 -0.095993
 14 5.331725 -0.001410 0.000000 0.000000 -0.000001 0.401426
 15 1.923761 0.000000 0.000000 0.000000 0.000000 -0.026978
 16 4.938288 2.547969 -1.383850 2.932154 -1.570796 0.000000
 17 4.938288 2.547967 -0.000111 2.932154 -1.570796 0.000000
 18 4.938289 2.547966 1.389432 2.932154 -1.570796 0.000000
 19 4.149544 2.335424 -1.088438 2.932154 -1.570796 0.000000
 20 4.285405 2.468167 -0.271979 2.932154 -1.570796 0.000000
 21 4.285405 2.468166 0.281319 2.932154 -1.570796 0.000000
 22 4.149548 2.335438 1.105968 2.932154 -1.570796 0.000000
 23 2.976194 2.233498 -1.642130 2.932154 -1.570796 0.000000
 24 2.947794 3.649171 -0.000108 2.932154 -1.570796 0.000000
 25 2.976195 2.233494 1.661221 2.932154 -1.570796 0.000000
 26 1.929261 4.335272 -0.012508 2.932154 -1.570796 0.000000
 27 -0.387522 0.090845 0.047180 0.000000 0.000000 0.000000
 28 -0.380782 0.285895 -0.047180 0.000000 0.000000 0.000000
 29 0.411110 0.090845 0.043808 0.000000 0.000000 0.000000
 30 0.370673 0.285895 -0.037071 0.000000 0.000000 0.000000
 31 1.692903 1.405573 0.000298 2.932154 -1.570796 0.000000
 32 -0.002700 -2.838459 -0.723022 0.000000 0.000000 0.000000
 33 -0.495354 0.209825 0.013481 0.000000 0.000000 0.000000
 34 -0.313387 0.180859 0.060654 0.000000 0.000000 0.000000
 35 0.491984 0.209826 0.013481 0.000000 0.000000 0.000000
 36 0.296539 0.180859 0.053909 0.000000 0.000000 0.000000
 37 -1.598847 0.667719 1.293096 -0.374255 -1.403012 3.108838
 38 5.153534 0.000000 0.000002 0.166156 -0.134685 -0.041000
 39 9.768770 0.000000 0.000002 0.000000 0.000000 -0.064419
 40 11.463290 0.000000 -0.000002 -1.574734 -0.095898 0.087414
 41 0.810864 0.586519 -0.818504 -1.384370 0.454439 0.409774
 42 1.624805 0.000000 0.000004 0.000000 0.000000 -0.270526
 43 1.153596 0.000000 -0.000005 0.000000 0.000000 -0.026180
 44 3.708211 0.000251 -1.267791 -0.010360 0.016932 0.017723
 45 1.072924 -0.000001 0.000000 0.000000 0.000000 0.148353
 46 0.852291 0.000000 0.000000 0.000000 0.000000 0.095993
 47 3.721738 -0.140514 -0.448458 -0.002621 -0.008719 0.069868
 48 1.337984 0.000002 0.000000 0.000000 0.000000 0.148353
 49 0.988493 0.000002 0.000000 0.000000 0.000000 0.034907
 50 3.727571 -0.146213 0.421103 0.000119 -0.008647 0.069820
 51 1.312590 -0.000001 0.000000 0.000000 0.000000 0.104720
 52 0.861211 -0.000003 0.000000 0.000000 0.000000 0.034907
 53 3.718102 0.000333 1.179397 0.004524 -0.008854 0.139920
 54 0.967655 0.000000 0.000000 0.000000 0.000000 0.113446
 55 0.724846 -0.000001 0.000000 0.000000 0.000000 0.026180
 56 -1.598847 0.667726 -1.293092 0.374222 1.403011 3.108805
 57 5.153535 -0.000001 -0.000002 -0.166156 0.134685 -0.041000
 58 9.768770 0.000000 -0.000001 0.000000 0.000000 -0.064419
 59 11.463280 0.000000 -0.000002 1.574734 0.095898 0.087414
 60 0.810865 0.586516 0.818504 1.384370 -0.454439 0.409774
 61 1.624805 0.000000 -0.000002 0.000000 0.000000 -0.270526
 62 1.153597 0.000000 0.000007 0.000000 0.000000 -0.026180
 63 3.708211 0.000248 1.267791 0.010360 -0.016932 0.017723
 64 1.072926 0.000001 0.000000 0.000000 0.000000 0.148353
 65 0.852291 0.000002 0.000000 0.000000 0.000000 0.095993
 66 3.721739 -0.140517 0.448458 0.002621 0.008719 0.069868
 67 1.337983 0.000000 0.000000 0.000000 0.000000 0.148353
 68 0.988494 0.000000 0.000000 0.000000 0.000000 0.034907
 69 3.727574 -0.146216 -0.421103 -0.000119 0.008647 0.069820
 70 1.312591 0.000000 0.000000 0.000000 0.000000 0.104720
 71 0.861206 -0.000002 0.000000 0.000000 0.000000 0.034907
 72 3.718102 0.000330 -1.179397 -0.004524 0.008854 0.139920
 73 0.967656 0.000001 0.000000 0.000000 0.000000 0.113446
 74 0.724846 -0.000001 0.000000 0.000000 0.000000 0.026180
end
triangles
mdl/neweyelash2.png
 20 0.858503 -4.267360 67.679700 0.387100 -0.312600 -0.867400 0.7969 -1.2188
 15 0.609740 -3.806263 67.400740 0.395200 -0.894300 -0.209700 0.9688 -1.8125
 20 0.804753 -3.888726 67.541810 0.238400 -0.502300 -0.831200 0.8125 -1.6875
mdl/neweyelash2.png
 20 0.804753 -3.888726 67.541810 0.238400 -0.502300 -0.831200 0.8125 -1.6875
 20 1.047941 -4.000087 67.643810 0.220400 -0.682600 -0.696800 0.6449 -1.5898
 20 0.858503 -4.267360 67.679700 0.387100 -0.312600 -0.867400 0.7969 -1.2188
mdl/neweyelash2.png
 20 1.848751 -3.677697 67.745170 0.381400 -0.458400 -0.802800 0.0625 -1.8438
 20 1.527941 -3.810359 67.723950 0.485200 -0.589300 -0.646000 0.2969 -1.7813
 20 1.688751 -3.681220 67.683740 0.509100 -0.838200 -0.195300 0.1719 -2
mdl/neweyelash2.png
 20 1.517941 -4.100675 67.794820 0.289000 -0.477800 -0.829600 0.315 -1.3696
 20 1.667941 -4.150792 67.935040 0.438100 -0.565500 -0.698800 0.1875 -1.2188
 20 1.307761 -4.300247 67.914530 0.261500 -0.572300 -0.777300 0.4375 -1.0625
mdl/neweyelash2.png
 20 1.517941 -4.100675 67.794820 0.289000 -0.477800 -0.829600 0.315 -1.3696
 20 1.527941 -3.810359 67.723950 0.485200 -0.589300 -0.646000 0.2969 -1.7813
 20 1.848751 -3.677697 67.745170 0.381400 -0.458400 -0.802800 0.0625 -1.8438
mdl/neweyelash2.png
 20 1.047941 -4.000087 67.643810 0.220400 -0.682600 -0.696800 0.6449 -1.5898
 20 1.287761 -3.980174 67.704640 0.331200 -0.713700 -0.617200 0.4784 -1.5856
 20 1.307761 -4.300247 67.914530 0.261500 -0.572300 -0.777300 0.4375 -1.0625
mdl/neweyelash2.png
 20 2.008751 -3.748945 67.894230 0.456400 -0.474300 -0.752800 -0.0469 -1.6563
 20 1.667941 -4.150792 67.935040 0.438100 -0.565500 -0.698800 0.1875 -1.2188
 20 1.848751 -3.677697 67.745170 0.381400 -0.458400 -0.802800 0.0625 -1.8438
mdl/neweyelash2.png
 20 1.307761 -4.300247 67.914530 0.261500 -0.572300 -0.777300 0.4375 -1.0625
 20 0.858503 -4.267360 67.679700 0.387100 -0.312600 -0.867400 0.7969 -1.2188
 20 1.047941 -4.000087 67.643810 0.220400 -0.682600 -0.696800 0.6449 -1.5898
mdl/neweyelash2.png
 20 0.858503 -4.267360 67.679700 -0.387100 0.312600 0.867400 0.7969 -1.2188
 20 0.804753 -3.888726 67.541810 -0.374700 0.265900 0.888200 0.8125 -1.6875
 15 0.609740 -3.806263 67.400740 -0.498800 0.229100 0.835900 0.9688 -1.8125
mdl/neweyelash2.png
 20 0.804753 -3.888726 67.541810 -0.374700 0.265900 0.888200 0.8125 -1.6875
 20 0.858503 -4.267360 67.679700 -0.387100 0.312600 0.867400 0.7969 -1.2188
 20 1.047941 -4.000087 67.643810 -0.293900 0.421300 0.858000 0.6449 -1.5898
mdl/neweyelash2.png
 20 1.848751 -3.677697 67.745170 -0.381400 0.458400 0.802800 0.0625 -1.8438
 20 1.688751 -3.681220 67.683740 -0.322300 0.579200 0.748700 0.1719 -2
 20 1.527941 -3.810359 67.723950 -0.272800 0.376500 0.885300 0.2969 -1.7813
mdl/neweyelash2.png
 20 1.517941 -4.100675 67.794820 -0.289000 0.477800 0.829600 0.315 -1.3696
 20 1.307761 -4.300247 67.914530 -0.261500 0.572300 0.777300 0.4375 -1.0625
 20 1.667941 -4.150792 67.935040 -0.438100 0.565500 0.698800 0.1875 -1.2188
mdl/neweyelash2.png
 20 1.517941 -4.100675 67.794820 -0.289000 0.477800 0.829600 0.315 -1.3696
 20 1.667941 -4.150792 67.935040 -0.438100 0.565500 0.698800 0.1875 -1.2188
 20 1.848751 -3.677697 67.745170 -0.381400 0.458400 0.802800 0.0625 -1.8438
mdl/neweyelash2.png
 20 1.047941 -4.000087 67.643810 -0.293900 0.421300 0.858000 0.6449 -1.5898
 20 1.307761 -4.300247 67.914530 -0.261500 0.572300 0.777300 0.4375 -1.0625
 20 1.287761 -3.980174 67.704640 -0.191900 0.469300 0.861900 0.4784 -1.5856
mdl/neweyelash2.png
 20 1.307761 -4.300247 67.914530 -0.261500 0.572300 0.777300 0.4375 -1.0625
 20 1.047941 -4.000087 67.643810 -0.293900 0.421300 0.858000 0.6449 -1.5898
 20 0.858503 -4.267360 67.679700 -0.387100 0.312600 0.867400 0.7969 -1.2188
mdl/neweyelash2.png
 20 1.667941 -4.150792 67.935040 -0.438100 0.565500 0.698800 0.1875 -1.2188
 20 2.008751 -3.748945 67.894230 -0.456400 0.474300 0.752800 -0.0469 -1.6563
 20 1.848751 -3.677697 67.745170 -0.381400 0.458400 0.802800 0.0625 -1.8438
mdl/neweyelash2.png
 20 1.527941 -3.810359 67.723950 -0.272800 0.376500 0.885300 0.2969 -1.7813
 20 1.517941 -4.100675 67.794820 -0.289000 0.477800 0.829600 0.315 -1.3696
 20 1.848751 -3.677697 67.745170 -0.381400 0.458400 0.802800 0.0625 -1.8438
mdl/neweyelash2.png
 20 1.667941 -4.150792 67.935040 0.438100 -0.565500 -0.698800 0.1875 -1.2188
 20 1.517941 -4.100675 67.794820 0.289000 -0.477800 -0.829600 0.315 -1.3696
 20 1.848751 -3.677697 67.745170 0.381400 -0.458400 -0.802800 0.0625 -1.8438
mdl/neweyelash2.png
 20 1.287761 -3.980174 67.704640 -0.191900 0.469300 0.861900 0.4784 -1.5856
 20 1.307761 -4.300247 67.914530 -0.261500 0.572300 0.777300 0.4375 -1.0625
 20 1.517941 -4.100675 67.794820 -0.289000 0.477800 0.829600 0.315 -1.3696
mdl/neweyelash2.png
 20 1.287761 -3.980174 67.704640 0.331200 -0.713700 -0.617200 0.4784 -1.5856
 20 1.517941 -4.100675 67.794820 0.289000 -0.477800 -0.829600 0.315 -1.3696
 20 1.307761 -4.300247 67.914530 0.261500 -0.572300 -0.777300 0.4375 -1.0625
mdl/neweyelash2.png
 20 1.287761 -3.980174 67.704640 -0.191900 0.469300 0.861900 0.4784 -1.5856
 20 1.517941 -4.100675 67.794820 -0.289000 0.477800 0.829600 0.315 -1.3696
 20 1.527941 -3.810359 67.723950 -0.272800 0.376500 0.885300 0.2969 -1.7813
mdl/neweyelash2.png
 20 1.287761 -3.980174 67.704640 0.331200 -0.713700 -0.617200 0.4784 -1.5856
 20 1.527941 -3.810359 67.723950 0.485200 -0.589300 -0.646000 0.2969 -1.7813
 20 1.517941 -4.100675 67.794820 0.289000 -0.477800 -0.829600 0.315 -1.3696
mdl/neweyelash2.png
 20 -0.841497 -4.267358 67.679700 -0.387500 -0.311600 -0.867600 0.7969 -1.2188
 20 -0.791497 -3.888724 67.541810 -0.257300 -0.473700 -0.842300 0.8125 -1.6875
 15 -0.590260 -3.806262 67.400740 -0.398300 -0.886600 -0.235100 0.9688 -1.8125
mdl/neweyelash2.png
 20 -0.791497 -3.888724 67.541810 -0.257300 -0.473700 -0.842300 0.8125 -1.6875
 20 -0.841497 -4.267358 67.679700 -0.387500 -0.311600 -0.867600 0.7969 -1.2188
 20 -1.032059 -4.000084 67.643810 -0.240800 -0.664100 -0.707800 0.6513 -1.603
mdl/neweyelash2.png
 20 -1.836249 -3.648022 67.748310 -0.397900 -0.462200 -0.792500 0.0583 -1.8383
 20 -1.671249 -3.681216 67.683750 -0.509900 -0.837800 -0.195000 0.1719 -2
 20 -1.512059 -3.810355 67.723950 -0.493700 -0.601600 -0.627900 0.2901 -1.7865
mdl/neweyelash2.png
 20 -1.502059 -4.100672 67.794830 -0.294300 -0.472800 -0.830600 0.3138 -1.3626
 20 -1.292239 -4.300243 67.914530 -0.261200 -0.571200 -0.778200 0.4375 -1.0625
 20 -1.652059 -4.150788 67.935050 -0.429700 -0.550700 -0.715600 0.192 -1.216
mdl/neweyelash2.png
 20 -1.502059 -4.100672 67.794830 -0.294300 -0.472800 -0.830600 0.3138 -1.3626
 20 -1.836249 -3.648022 67.748310 -0.397900 -0.462200 -0.792500 0.0583 -1.8383
 20 -1.512059 -3.810355 67.723950 -0.493700 -0.601600 -0.627900 0.2901 -1.7865
mdl/neweyelash2.png
 20 -1.032059 -4.000084 67.643810 -0.240800 -0.664100 -0.707800 0.6513 -1.603
 20 -1.292239 -4.300243 67.914530 -0.261200 -0.571200 -0.778200 0.4375 -1.0625
 20 -1.272239 -3.980171 67.704640 -0.332500 -0.714300 -0.615800 0.4786 -1.5883
mdl/neweyelash2.png
 20 -2.001249 -3.748940 67.894250 -0.397900 -0.462200 -0.792500 -0.0469 -1.6563
 20 -1.836249 -3.648022 67.748310 -0.397900 -0.462200 -0.792500 0.0583 -1.8383
 20 -1.652059 -4.150788 67.935050 -0.429700 -0.550700 -0.715600 0.192 -1.216
mdl/neweyelash2.png
 20 -1.292239 -4.300243 67.914530 -0.261200 -0.571200 -0.778200 0.4375 -1.0625
 20 -1.032059 -4.000084 67.643810 -0.240800 -0.664100 -0.707800 0.6513 -1.603
 20 -0.841497 -4.267358 67.679700 -0.387500 -0.311600 -0.867600 0.7969 -1.2188
mdl/neweyelash2.png
 20 -0.841497 -4.267358 67.679700 0.387500 0.311600 0.867600 0.7969 -1.2188
 15 -0.590260 -3.806262 67.400740 0.499400 0.227900 0.835900 0.9688 -1.8125
 20 -0.791497 -3.888724 67.541810 0.375100 0.265000 0.888300 0.8125 -1.6875
mdl/neweyelash2.png
 20 -0.791497 -3.888724 67.541810 0.375100 0.265000 0.888300 0.8125 -1.6875
 20 -1.032059 -4.000084 67.643810 0.294100 0.420600 0.858200 0.6513 -1.603
 20 -0.841497 -4.267358 67.679700 0.387500 0.311600 0.867600 0.7969 -1.2188
mdl/neweyelash2.png
 20 -1.836249 -3.648022 67.748310 0.397900 0.462200 0.792500 0.0583 -1.8383
 20 -1.512059 -3.810355 67.723950 0.294100 0.420600 0.858200 0.2901 -1.7865
 20 -1.671249 -3.681216 67.683750 0.390500 0.636200 0.665400 0.1719 -2
mdl/neweyelash2.png
 20 -1.502059 -4.100672 67.794830 0.294300 0.472800 0.830600 0.3138 -1.3626
 20 -1.652059 -4.150788 67.935050 0.429700 0.550700 0.715600 0.192 -1.216
 20 -1.292239 -4.300243 67.914530 0.261200 0.571200 0.778200 0.4375 -1.0625
mdl/neweyelash2.png
 20 -1.502059 -4.100672 67.794830 0.294300 0.472800 0.830600 0.3138 -1.3626
 20 -1.836249 -3.648022 67.748310 0.397900 0.462200 0.792500 0.0583 -1.8383
 20 -1.652059 -4.150788 67.935050 0.429700 0.550700 0.715600 0.192 -1.216
mdl/neweyelash2.png
 20 -1.032059 -4.000084 67.643810 0.294100 0.420600 0.858200 0.6513 -1.603
 20 -1.272239 -3.980171 67.704640 0.192300 0.469100 0.861900 0.4786 -1.5883
 20 -1.292239 -4.300243 67.914530 0.261200 0.571200 0.778200 0.4375 -1.0625
mdl/neweyelash2.png
 20 -1.292239 -4.300243 67.914530 0.261200 0.571200 0.778200 0.4375 -1.0625
 20 -0.841497 -4.267358 67.679700 0.387500 0.311600 0.867600 0.7969 -1.2188
 20 -1.032059 -4.000084 67.643810 0.294100 0.420600 0.858200 0.6513 -1.603
mdl/neweyelash2.png
 20 -1.652059 -4.150788 67.935050 0.429700 0.550700 0.715600 0.192 -1.216
 20 -1.836249 -3.648022 67.748310 0.397900 0.462200 0.792500 0.0583 -1.8383
 20 -2.001249 -3.748940 67.894250 0.397900 0.462200 0.792500 -0.0469 -1.6563
mdl/neweyelash2.png
 20 -1.512059 -3.810355 67.723950 0.294100 0.420600 0.858200 0.2901 -1.7865
 20 -1.836249 -3.648022 67.748310 0.397900 0.462200 0.792500 0.0583 -1.8383
 20 -1.502059 -4.100672 67.794830 0.294300 0.472800 0.830600 0.3138 -1.3626
mdl/neweyelash2.png
 20 -1.652059 -4.150788 67.935050 -0.429700 -0.550700 -0.715600 0.192 -1.216
 20 -1.836249 -3.648022 67.748310 -0.397900 -0.462200 -0.792500 0.0583 -1.8383
 20 -1.502059 -4.100672 67.794830 -0.294300 -0.472800 -0.830600 0.3138 -1.3626
mdl/neweyelash2.png
 20 -1.272239 -3.980171 67.704640 0.192300 0.469100 0.861900 0.4786 -1.5883
 20 -1.502059 -4.100672 67.794830 0.294300 0.472800 0.830600 0.3138 -1.3626
 20 -1.292239 -4.300243 67.914530 0.261200 0.571200 0.778200 0.4375 -1.0625
mdl/neweyelash2.png
 20 -1.272239 -3.980171 67.704640 -0.332500 -0.714300 -0.615800 0.4786 -1.5883
 20 -1.292239 -4.300243 67.914530 -0.261200 -0.571200 -0.778200 0.4375 -1.0625
 20 -1.502059 -4.100672 67.794830 -0.294300 -0.472800 -0.830600 0.3138 -1.3626
mdl/neweyelash2.png
 20 -1.272239 -3.980171 67.704640 0.192300 0.469100 0.861900 0.4786 -1.5883
 20 -1.512059 -3.810355 67.723950 0.294100 0.420600 0.858200 0.2901 -1.7865
 20 -1.502059 -4.100672 67.794830 0.294300 0.472800 0.830600 0.3138 -1.3626
mdl/neweyelash2.png
 20 -1.272239 -3.980171 67.704640 -0.332500 -0.714300 -0.615800 0.4786 -1.5883
 20 -1.502059 -4.100672 67.794830 -0.294300 -0.472800 -0.830600 0.3138 -1.3626
 20 -1.512059 -3.810355 67.723950 -0.493700 -0.601600 -0.627900 0.2901 -1.7865
mdl/kikohair1.png
 15 2.259735 -1.583843 64.213680 1.000000 0.000000 0.000000 0.5002 -4.9588
 15 2.379737 -0.216175 64.320850 1.000000 0.000000 0.000000 1.0016 -4.951
 15 2.789739 -0.071872 65.179730 0.721800 0.205300 -0.661000 0.9926 -4.0172
mdl/kikohair1.png
 15 2.259735 -1.583843 64.213680 1.000000 0.000000 0.000000 0.5002 -4.9588
 15 2.789739 -0.071872 65.179730 0.721800 0.205300 -0.661000 0.9926 -4.0172
 15 2.379737 -0.216175 64.320850 1.000000 0.000000 0.000000 1.0016 -4.951
mdl/kikohair1.png
 15 2.229741 1.238751 65.458780 0.312000 0.562400 -0.765800 0.5187 -4.0178
 15 0.009739 1.966645 64.489110 1.000000 0.000000 0.000000 1.0016 -4.951
 15 0.019744 2.431493 66.387530 -0.020700 0.817500 -0.575500 0.9926 -4.0172
mdl/kikohair1.png
 15 2.229741 1.238751 65.458780 0.312000 0.562400 -0.765800 0.5187 -4.0178
 15 0.019744 2.431493 66.387530 -0.020700 0.817500 -0.575500 0.9926 -4.0172
 15 0.009739 1.966645 64.489110 1.000000 0.000000 0.000000 1.0016 -4.951
mdl/kikohair1.png
 15 1.919732 -3.284688 64.086700 1.000000 0.000000 0.000000 0.0008 -4.9646
 15 2.659738 -1.197103 65.134400 -0.591400 -0.283500 -0.754900 0.4858 -4.0165
 15 2.259735 -1.583843 64.213680 1.000000 0.000000 0.000000 0.5002 -4.9588
mdl/kikohair1.png
 15 1.919732 -3.284688 64.086700 1.000000 0.000000 0.000000 0.0008 -4.9646
 15 2.259735 -1.583843 64.213680 1.000000 0.000000 0.000000 0.5002 -4.9588
 15 2.659738 -1.197103 65.134400 -0.591400 -0.283500 -0.754900 0.4858 -4.0165
mdl/kikohair1.png
 15 2.379737 -0.216175 64.320850 1.000000 0.000000 0.000000 0.0008 -4.9646
 15 2.229741 1.238751 65.458780 0.312000 0.562400 -0.765800 0.5187 -4.0178
 15 1.719738 1.016014 64.440060 1.000000 0.000000 0.000000 0.4972 -4.9588
mdl/kikohair1.png
 15 2.379737 -0.216175 64.320850 1.000000 0.000000 0.000000 0.0008 -4.9646
 15 1.719738 1.016014 64.440060 1.000000 0.000000 0.000000 0.4972 -4.9588
 15 2.229741 1.238751 65.458780 0.312000 0.562400 -0.765800 0.5187 -4.0178
mdl/kikohair1.png
 15 -2.270266 -1.583837 64.213690 1.000000 0.000000 0.000000 0.5002 -4.9588
 15 -2.810261 -0.096223 65.246120 -0.737300 0.208800 -0.642400 0.9926 -4.0172
 15 -2.410264 -0.225950 64.318770 1.000000 0.000000 0.000000 1.0016 -4.951
mdl/kikohair1.png
 15 -2.270266 -1.583837 64.213690 1.000000 0.000000 0.000000 0.5002 -4.9588
 15 -2.410264 -0.225950 64.318770 1.000000 0.000000 0.000000 1.0016 -4.951
 15 -2.810261 -0.096223 65.246120 -0.737300 0.208800 -0.642400 0.9926 -4.0172
mdl/kikohair1.png
 15 -2.220259 1.228975 65.456700 -0.328700 0.549800 -0.767900 0.5187 -4.0178
 15 0.019744 2.431493 66.387530 -0.020700 0.817500 -0.575500 0.9926 -4.0172
 15 0.009739 1.966645 64.489110 1.000000 0.000000 0.000000 1.0016 -4.951
mdl/kikohair1.png
 15 -2.220259 1.228975 65.456700 -0.328700 0.549800 -0.767900 0.5187 -4.0178
 15 0.009739 1.966645 64.489110 1.000000 0.000000 0.000000 1.0016 -4.951
 15 0.019744 2.431493 66.387530 -0.020700 0.817500 -0.575500 0.9926 -4.0172
mdl/kikohair1.png
 15 -1.940268 -3.294464 64.084630 1.000000 0.000000 0.000000 0.0008 -4.9646
 15 -2.270266 -1.583837 64.213690 1.000000 0.000000 0.000000 0.5002 -4.9588
 15 -2.680263 -1.199180 65.144200 0.537200 -0.284400 -0.794100 0.4858 -4.0165
mdl/kikohair1.png
 15 -1.940268 -3.294464 64.084630 1.000000 0.000000 0.000000 0.0008 -4.9646
 15 -2.680263 -1.199180 65.144200 0.537200 -0.284400 -0.794100 0.4858 -4.0165
 15 -2.270266 -1.583837 64.213690 1.000000 0.000000 0.000000 0.5002 -4.9588
mdl/kikohair1.png
 15 -2.410264 -0.225950 64.318770 1.000000 0.000000 0.000000 0.0008 -4.9646
 15 -1.750262 1.016018 64.440070 1.000000 0.000000 0.000000 0.4972 -4.9588
 15 -2.220259 1.228975 65.456700 -0.328700 0.549800 -0.767900 0.5187 -4.0178
mdl/kikohair1.png
 15 -2.410264 -0.225950 64.318770 1.000000 0.000000 0.000000 0.0008 -4.9646
 15 -2.220259 1.228975 65.456700 -0.328700 0.549800 -0.767900 0.5187 -4.0178
 15 -1.750262 1.016018 64.440070 1.000000 0.000000 0.000000 0.4972 -4.9588
mdl/kikohair1.png
 15 -2.350265 -2.820960 65.126070 -0.055700 -0.933400 -0.354600 0.0586 -4.0179
 15 -2.680263 -1.199180 65.144200 0.537200 -0.284400 -0.794100 0.4858 -4.0165
 15 -1.940268 -3.294464 64.084630 1.000000 0.000000 0.000000 0.0008 -4.9646
mdl/kikohair1.png
 15 -2.350265 -2.820960 65.126070 -0.055700 -0.933400 -0.354600 0.0586 -4.0179
 15 -1.940268 -3.294464 64.084630 1.000000 0.000000 0.000000 0.0008 -4.9646
 15 -2.680263 -1.199180 65.144200 0.537200 -0.284400 -0.794100 0.4858 -4.0165
mdl/kikohair1.png
 15 2.329736 -2.818883 65.116270 0.048600 -0.935600 -0.349700 0.0586 -4.0179
 15 1.919732 -3.284688 64.086700 1.000000 0.000000 0.000000 0.0008 -4.9646
 15 2.659738 -1.197103 65.134400 -0.591400 -0.283500 -0.754900 0.4858 -4.0165
mdl/kikohair1.png
 15 2.329736 -2.818883 65.116270 0.048600 -0.935600 -0.349700 0.0586 -4.0179
 15 2.659738 -1.197103 65.134400 -0.591400 -0.283500 -0.754900 0.4858 -4.0165
 15 1.919732 -3.284688 64.086700 1.000000 0.000000 0.000000 0.0008 -4.9646
mdl/kikohair1.png
 15 -2.680263 -1.199180 65.144200 0.537200 -0.284400 -0.794100 0.4858 -4.0165
 15 -2.270266 -1.583837 64.213690 1.000000 0.000000 0.000000 0.5002 -4.9588
 15 -2.810261 -0.096223 65.246120 -0.737300 0.208800 -0.642400 0.9926 -4.0172
mdl/kikohair1.png
 15 -2.680263 -1.199180 65.144200 0.537200 -0.284400 -0.794100 0.4858 -4.0165
 15 -2.810261 -0.096223 65.246120 -0.737300 0.208800 -0.642400 0.9926 -4.0172
 15 -2.270266 -1.583837 64.213690 1.000000 0.000000 0.000000 0.5002 -4.9588
mdl/kikohair1.png
 15 2.659738 -1.197103 65.134400 -0.591400 -0.283500 -0.754900 0.4858 -4.0165
 15 2.789739 -0.071872 65.179730 0.721800 0.205300 -0.661000 0.9926 -4.0172
 15 2.259735 -1.583843 64.213680 1.000000 0.000000 0.000000 0.5002 -4.9588
mdl/kikohair1.png
 15 2.659738 -1.197103 65.134400 -0.591400 -0.283500 -0.754900 0.4858 -4.0165
 15 2.259735 -1.583843 64.213680 1.000000 0.000000 0.000000 0.5002 -4.9588
 15 2.789739 -0.071872 65.179730 0.721800 0.205300 -0.661000 0.9926 -4.0172
mdl/kikohair1.png
 15 -2.810261 -0.096223 65.246120 -0.737300 0.208800 -0.642400 0 -4.0167
 15 -2.220259 1.228975 65.456700 -0.328700 0.549800 -0.767900 0.5187 -4.0178
 15 -2.410264 -0.225950 64.318770 1.000000 0.000000 0.000000 0.0008 -4.9646
mdl/kikohair1.png
 15 -2.810261 -0.096223 65.246120 -0.737300 0.208800 -0.642400 0 -4.0167
 15 -2.410264 -0.225950 64.318770 1.000000 0.000000 0.000000 0.0008 -4.9646
 15 -2.220259 1.228975 65.456700 -0.328700 0.549800 -0.767900 0.5187 -4.0178
mdl/kikohair1.png
 15 2.789739 -0.071872 65.179730 0.721800 0.205300 -0.661000 0 -4.0167
 15 2.379737 -0.216175 64.320850 1.000000 0.000000 0.000000 0.0008 -4.9646
 15 2.229741 1.238751 65.458780 0.312000 0.562400 -0.765800 0.5187 -4.0178
mdl/kikohair1.png
 15 2.789739 -0.071872 65.179730 0.721800 0.205300 -0.661000 0 -4.0167
 15 2.229741 1.238751 65.458780 0.312000 0.562400 -0.765800 0.5187 -4.0178
 15 2.379737 -0.216175 64.320850 1.000000 0.000000 0.000000 0.0008 -4.9646
mdl/kikohair1.png
 15 -1.750262 1.016018 64.440070 1.000000 0.000000 0.000000 0.4972 -4.9588
 15 0.009739 1.966645 64.489110 1.000000 0.000000 0.000000 1.0016 -4.951
 15 -2.220259 1.228975 65.456700 -0.328700 0.549800 -0.767900 0.5187 -4.0178
mdl/kikohair1.png
 15 -1.750262 1.016018 64.440070 1.000000 0.000000 0.000000 0.4972 -4.9588
 15 -2.220259 1.228975 65.456700 -0.328700 0.549800 -0.767900 0.5187 -4.0178
 15 0.009739 1.966645 64.489110 1.000000 0.000000 0.000000 1.0016 -4.951
mdl/kikohair1.png
 15 1.719738 1.016014 64.440060 1.000000 0.000000 0.000000 0.4972 -4.9588
 15 2.229741 1.238751 65.458780 0.312000 0.562400 -0.765800 0.5187 -4.0178
 15 0.009739 1.966645 64.489110 1.000000 0.000000 0.000000 1.0016 -4.951
mdl/kikohair1.png
 15 1.719738 1.016014 64.440060 1.000000 0.000000 0.000000 0.4972 -4.9588
 15 0.009739 1.966645 64.489110 1.000000 0.000000 0.000000 1.0016 -4.951
 15 2.229741 1.238751 65.458780 0.312000 0.562400 -0.765800 0.5187 -4.0178
mdl/kikolonghair.png
 15 -0.480253 -3.905371 70.651370 0.000000 0.000000 1.000000 0.168 -4
 15 -0.180256 -4.582189 69.556420 0.000000 0.894400 -0.447200 0.9663 -4.1587
 15 0.529748 -3.850665 70.826610 1.000000 0.000000 0.000000 0.9604 -4.0036
mdl/kikolonghair.png
 15 -1.020256 -4.331421 69.579140 0.894400 -0.447200 0.000000 0.1438 -4.1535
 15 -1.140260 -4.521401 67.974400 0.707100 0.707100 0.000000 0.844 -4.4155
 15 -0.180256 -4.582189 69.556420 0.000000 0.894400 -0.447200 0.9663 -4.1587
mdl/kikolonghair.png
 15 -1.750259 -4.136043 68.373400 -0.444400 -0.888900 -0.111100 0.0117 -4.4103
 15 -1.640262 -4.299839 67.029830 1.000000 0.000000 0.000000 0.6848 -4.6554
 15 -1.140260 -4.521401 67.974400 0.707100 0.707100 0.000000 0.844 -4.4155
mdl/kikolonghair.png
 15 -2.170261 -3.969187 67.253590 0.000000 1.000000 0.000000 -0.0369 -4.6675
 15 -2.150266 -3.859428 65.201460 1.000000 0.000000 0.000000 0.3604 -4.9781
 15 -1.640262 -4.299839 67.029830 1.000000 0.000000 0.000000 0.6848 -4.6554
mdl/kikolonghair.png
 15 -1.580253 -3.561968 70.479110 1.000000 0.000000 0.000000 0.168 -4
 15 -1.020256 -4.331421 69.579140 0.894400 -0.447200 0.000000 0.9663 -4.1587
 15 -0.480253 -3.905371 70.651370 0.000000 0.000000 1.000000 0.9604 -4.0036
mdl/kikolonghair.png
 15 -1.900255 -3.714413 69.802530 1.000000 0.000000 0.000000 0.1438 -4.1535
 15 -1.750259 -4.136043 68.373400 -0.444400 -0.888900 -0.111100 0.844 -4.4155
 15 -1.020256 -4.331421 69.579140 0.894400 -0.447200 0.000000 0.9663 -4.1587
mdl/kikolonghair.png
 15 -2.220257 -3.497835 68.785330 1.000000 0.000000 0.000000 0.0117 -4.4103
 15 -2.170261 -3.969187 67.253590 0.000000 1.000000 0.000000 0.6848 -4.6554
 15 -1.750259 -4.136043 68.373400 -0.444400 -0.888900 -0.111100 0.844 -4.4155
mdl/kikolonghair.png
 15 -0.480253 -3.905371 70.651370 0.000000 0.000000 1.000000 0.168 -4
 15 0.529748 -3.850665 70.826610 1.000000 0.000000 0.000000 0.9604 -4.0036
 15 -0.180256 -4.582189 69.556420 0.000000 0.894400 -0.447200 0.9663 -4.1587
mdl/kikolonghair.png
 15 -1.020256 -4.331421 69.579140 0.894400 -0.447200 0.000000 0.1438 -4.1535
 15 -0.180256 -4.582189 69.556420 0.000000 0.894400 -0.447200 0.9663 -4.1587
 15 -1.140260 -4.521401 67.974400 0.707100 0.707100 0.000000 0.844 -4.4155
mdl/kikolonghair.png
 15 -1.750259 -4.136043 68.373400 -0.444400 -0.888900 -0.111100 0.0117 -4.4103
 15 -1.140260 -4.521401 67.974400 0.707100 0.707100 0.000000 0.844 -4.4155
 15 -1.640262 -4.299839 67.029830 1.000000 0.000000 0.000000 0.6848 -4.6554
mdl/kikolonghair.png
 15 -2.170261 -3.969187 67.253590 0.000000 1.000000 0.000000 -0.0369 -4.6675
 15 -2.150266 -3.859428 65.201460 1.000000 0.000000 0.000000 0.3604 -4.9781
 15 -2.500265 -3.514387 65.213580 1.000000 0.000000 0.000000 -0.0993 -4.9888
mdl/kikolonghair.png
 15 -1.580253 -3.561968 70.479110 1.000000 0.000000 0.000000 0.168 -4
 15 -0.480253 -3.905371 70.651370 0.000000 0.000000 1.000000 0.9604 -4.0036
 15 -1.020256 -4.331421 69.579140 0.894400 -0.447200 0.000000 0.9663 -4.1587
mdl/kikolonghair.png
 15 -1.900255 -3.714413 69.802530 1.000000 0.000000 0.000000 0.1438 -4.1535
 15 -1.020256 -4.331421 69.579140 0.894400 -0.447200 0.000000 0.9663 -4.1587
 15 -1.750259 -4.136043 68.373400 -0.444400 -0.888900 -0.111100 0.844 -4.4155
mdl/kikolonghair.png
 15 -2.220257 -3.497835 68.785330 1.000000 0.000000 0.000000 0.0117 -4.4103
 15 -1.750259 -4.136043 68.373400 -0.444400 -0.888900 -0.111100 0.844 -4.4155
 15 -2.170261 -3.969187 67.253590 0.000000 1.000000 0.000000 0.6848 -4.6554
mdl/kikolonghair.png
 15 -2.670260 -3.227931 67.421650 1.000000 0.000000 0.000000 -0.0369 -4.6675
 15 -2.590265 -3.522085 65.201710 1.000000 0.000000 0.000000 0.363 -4.9804
 15 -2.170261 -3.969187 67.253590 0.000000 1.000000 0.000000 0.6848 -4.6554
mdl/kikolonghair.png
 15 -2.670260 -3.227931 67.421650 1.000000 0.000000 0.000000 -0.0369 -4.6675
 15 -2.590265 -3.522085 65.201710 1.000000 0.000000 0.000000 0.363 -4.9804
 15 -2.860265 -3.084852 65.213020 1.000000 0.000000 0.000000 -0.0993 -4.9888
mdl/kikolonghair.png
 15 -2.290254 -3.330061 69.966160 1.000000 0.000000 0.000000 0.1438 -4.1535
 15 -2.430258 -3.388726 68.368930 -0.970100 0.000000 -0.242500 0.844 -4.4155
 15 -1.760254 -3.681982 70.034370 1.000000 0.000000 0.000000 0.9663 -4.1587
mdl/kikolonghair.png
 15 -2.600256 -2.801506 68.780230 1.000000 0.000000 0.000000 0.0117 -4.4103
 15 -2.720260 -3.140092 67.297210 1.000000 0.000000 0.000000 0.6848 -4.6554
 15 -2.430258 -3.388726 68.368930 -0.970100 0.000000 -0.242500 0.844 -4.4155
mdl/kikolonghair.png
 15 -2.290254 -3.330061 69.966160 1.000000 0.000000 0.000000 0.1438 -4.1535
 15 -1.760254 -3.681982 70.034370 1.000000 0.000000 0.000000 0.9663 -4.1587
 15 -2.430258 -3.388726 68.368930 -0.970100 0.000000 -0.242500 0.844 -4.4155
mdl/kikolonghair.png
 15 -2.600256 -2.801506 68.780230 1.000000 0.000000 0.000000 0.0117 -4.4103
 15 -2.430258 -3.388726 68.368930 -0.970100 0.000000 -0.242500 0.844 -4.4155
 15 -2.720260 -3.140092 67.297210 1.000000 0.000000 0.000000 0.6848 -4.6554
mdl/kikolonghair.png
 15 -2.800259 -2.607766 67.390100 1.000000 0.000000 0.000000 -0.0369 -4.6675
 15 -2.760264 -2.570825 65.199780 1.000000 0.000000 0.000000 0.3567 -4.9784
 15 -2.720260 -3.140092 67.297210 1.000000 0.000000 0.000000 0.6848 -4.6554
mdl/kikolonghair.png
 15 -2.800259 -2.607766 67.390100 1.000000 0.000000 0.000000 -0.0369 -4.6675
 15 -2.760264 -2.570825 65.199780 1.000000 0.000000 0.000000 0.3567 -4.9784
 15 -2.810264 -2.216003 65.213970 1.000000 0.000000 0.000000 -0.0993 -4.9888
mdl/kikolonghair.png
 15 1.219748 -3.755128 70.714030 1.000000 0.000000 0.000000 0.1438 -4.1535
 15 1.189744 -4.211972 69.594350 0.000000 -0.894400 0.447200 0.844 -4.4155
 15 1.649747 -3.578631 70.557350 1.000000 0.000000 0.000000 0.9663 -4.1587
mdl/kikolonghair.png
 15 0.879745 -4.280062 69.866130 1.000000 0.000000 0.000000 0.0117 -4.4103
 15 0.719743 -4.549433 68.970390 -0.235700 -0.942800 0.235700 0.6848 -4.6554
 15 1.189744 -4.211972 69.594350 0.000000 -0.894400 0.447200 0.844 -4.4155
mdl/kikolonghair.png
 15 0.519743 -4.542178 69.176410 1.000000 0.000000 0.000000 -0.0369 -4.6675
 15 -0.580261 -4.759861 67.749810 1.000000 0.000000 0.000000 -0.0993 -4.9888
 15 0.719743 -4.549433 68.970390 -0.235700 -0.942800 0.235700 0.6848 -4.6554
mdl/kikolonghair.png
 15 1.219748 -3.755128 70.714030 1.000000 0.000000 0.000000 0.1438 -4.1535
 15 1.649747 -3.578631 70.557350 1.000000 0.000000 0.000000 0.9663 -4.1587
 15 1.189744 -4.211972 69.594350 0.000000 -0.894400 0.447200 0.844 -4.4155
mdl/kikolonghair.png
 15 0.879745 -4.280062 69.866130 1.000000 0.000000 0.000000 0.0117 -4.4103
 15 1.189744 -4.211972 69.594350 0.000000 -0.894400 0.447200 0.844 -4.4155
 15 0.719743 -4.549433 68.970390 -0.235700 -0.942800 0.235700 0.6848 -4.6554
mdl/kikolonghair.png
 15 0.519743 -4.542178 69.176410 1.000000 0.000000 0.000000 -0.0369 -4.6675
 15 0.719743 -4.549433 68.970390 -0.235700 -0.942800 0.235700 0.6848 -4.6554
 15 -0.580261 -4.759861 67.749810 1.000000 0.000000 0.000000 -0.0993 -4.9888
mdl/kikolonghair.png
 15 1.129748 -3.798416 70.725260 1.000000 0.000000 0.000000 0.1438 -4.1535
 15 2.089745 -3.827178 69.563800 1.000000 0.000000 0.000000 0.844 -4.4155
 15 1.519748 -3.555348 70.736110 1.000000 0.000000 0.000000 0.9663 -4.1587
mdl/kikolonghair.png
 15 1.719744 -4.014463 69.483030 1.000000 0.000000 0.000000 0.0117 -4.4103
 15 2.319742 -3.904023 68.484130 0.000000 -1.000000 0.000000 0.6848 -4.6554
 15 2.089745 -3.827178 69.563800 1.000000 0.000000 0.000000 0.844 -4.4155
mdl/kikolonghair.png
 15 2.049742 -3.978104 68.447910 1.000000 0.000000 0.000000 -0.0369 -4.6675
 15 2.229737 -3.677082 66.313810 -0.605100 0.783200 0.143100 -0.0993 -4.9888
 15 2.319742 -3.904023 68.484130 0.000000 -1.000000 0.000000 0.6848 -4.6554
mdl/kikolonghair.png
 15 1.129748 -3.798416 70.725260 1.000000 0.000000 0.000000 0.1438 -4.1535
 15 1.519748 -3.555348 70.736110 1.000000 0.000000 0.000000 0.9663 -4.1587
 15 2.089745 -3.827178 69.563800 1.000000 0.000000 0.000000 0.844 -4.4155
mdl/kikolonghair.png
 15 1.719744 -4.014463 69.483030 1.000000 0.000000 0.000000 0.0117 -4.4103
 15 2.089745 -3.827178 69.563800 1.000000 0.000000 0.000000 0.844 -4.4155
 15 2.319742 -3.904023 68.484130 0.000000 -1.000000 0.000000 0.6848 -4.6554
mdl/kikolonghair.png
 15 2.049742 -3.978104 68.447910 1.000000 0.000000 0.000000 -0.0369 -4.6675
 15 2.319742 -3.904023 68.484130 0.000000 -1.000000 0.000000 0.6848 -4.6554
 15 2.229737 -3.677082 66.313810 -0.605100 0.783200 0.143100 -0.0993 -4.9888
mdl/kikolonghair.png
 15 1.469747 -3.658959 70.550470 1.000000 0.000000 0.000000 0.168 -4
 15 2.609744 -3.370315 69.098750 -0.600100 0.793300 -0.102500 0.9663 -4.1587
 15 2.259748 -3.118304 70.604240 1.000000 0.000000 0.000000 0.9604 -4.0036
mdl/kikolonghair.png
 15 2.079744 -3.842505 69.059560 0.596600 -0.792700 0.125200 0.1438 -4.1535
 15 2.759741 -3.490192 67.692960 0.096400 0.060000 0.993500 0.844 -4.4155
 15 2.609744 -3.370315 69.098750 -0.600100 0.793300 -0.102500 0.9663 -4.1587
mdl/kikolonghair.png
 15 2.309740 -3.831067 67.661290 -0.061100 -0.055800 -0.996600 0.0117 -4.4103
 15 2.519738 -3.431932 66.314890 0.607500 -0.785000 -0.121200 0.6848 -4.6554
 15 2.759741 -3.490192 67.692960 0.096400 0.060000 0.993500 0.844 -4.4155
mdl/kikolonghair.png
 15 2.229737 -3.677082 66.313810 -0.605100 0.783200 0.143100 -0.0369 -4.6675
 15 1.639733 -3.243738 64.422590 1.000000 0.000000 0.000000 -0.0993 -4.9888
 15 2.519738 -3.431932 66.314890 0.607500 -0.785000 -0.121200 0.6848 -4.6554
mdl/kikolonghair.png
 15 1.469747 -3.658959 70.550470 1.000000 0.000000 0.000000 0.168 -4
 15 2.259748 -3.118304 70.604240 1.000000 0.000000 0.000000 0.9604 -4.0036
 15 2.609744 -3.370315 69.098750 -0.600100 0.793300 -0.102500 0.9663 -4.1587
mdl/kikolonghair.png
 15 2.309740 -3.831067 67.661290 -0.061100 -0.055800 -0.996600 0.0117 -4.4103
 15 2.609744 -3.370315 69.098750 -0.600100 0.793300 -0.102500 0.9663 -4.1587
 15 2.759741 -3.490192 67.692960 0.096400 0.060000 0.993500 0.844 -4.4155
mdl/kikolonghair.png
 15 2.229737 -3.677082 66.313810 -0.605100 0.783200 0.143100 -0.0369 -4.6675
 15 2.759741 -3.490192 67.692960 0.096400 0.060000 0.993500 0.844 -4.4155
 15 2.519738 -3.431932 66.314890 0.607500 -0.785000 -0.121200 0.6848 -4.6554
mdl/kikolonghair.png
 15 2.229737 -3.677082 66.313810 -0.605100 0.783200 0.143100 -0.0369 -4.6675
 15 2.519738 -3.431932 66.314890 0.607500 -0.785000 -0.121200 0.6848 -4.6554
 15 1.639733 -3.243738 64.422590 1.000000 0.000000 0.000000 -0.0993 -4.9888
mdl/kikolonghair.png
 15 2.499745 -3.297498 69.236950 0.694400 -0.657300 0.292900 0.1438 -4.1535
 15 2.869745 -2.758293 69.249500 -0.706700 0.664800 -0.242000 0.9663 -4.1587
 15 2.379749 -2.509183 70.672580 1.000000 0.000000 0.000000 0.9604 -4.0036
mdl/kikolonghair.png
 15 2.499745 -3.297498 69.236950 0.694400 -0.657300 0.292900 0.1438 -4.1535
 15 3.139742 -3.060283 67.978760 0.803000 -0.551700 0.225400 0.844 -4.4155
 15 2.869745 -2.758293 69.249500 -0.706700 0.664800 -0.242000 0.9663 -4.1587
mdl/kikolonghair.png
 15 2.609739 -3.283395 66.673680 -1.000000 0.000000 0.000000 -0.0369 -4.6675
 15 2.859739 -2.997039 66.673310 -1.000000 0.000000 0.000000 0.6848 -4.6554
 15 3.139742 -3.060283 67.978760 0.803000 -0.551700 0.225400 0.844 -4.4155
mdl/kikolonghair.png
 15 2.609739 -3.283395 66.673680 -1.000000 0.000000 0.000000 -0.0369 -4.6675
 15 1.909735 -3.097915 64.842160 1.000000 0.000000 0.000000 -0.0993 -4.9888
 15 2.859739 -2.997039 66.673310 -1.000000 0.000000 0.000000 0.6848 -4.6554
mdl/kikolonghair.png
 15 2.499745 -3.297498 69.236950 0.694400 -0.657300 0.292900 0.1438 -4.1535
 15 2.379749 -2.509183 70.672580 1.000000 0.000000 0.000000 0.9604 -4.0036
 15 2.869745 -2.758293 69.249500 -0.706700 0.664800 -0.242000 0.9663 -4.1587
mdl/kikolonghair.png
 15 2.759742 -3.473788 67.952060 -0.784500 0.539500 -0.305800 0.0117 -4.4103
 15 2.869745 -2.758293 69.249500 -0.706700 0.664800 -0.242000 0.9663 -4.1587
 15 3.139742 -3.060283 67.978760 0.803000 -0.551700 0.225400 0.844 -4.4155
mdl/kikolonghair.png
 15 2.609739 -3.283395 66.673680 -1.000000 0.000000 0.000000 -0.0369 -4.6675
 15 3.139742 -3.060283 67.978760 0.803000 -0.551700 0.225400 0.844 -4.4155
 15 2.859739 -2.997039 66.673310 -1.000000 0.000000 0.000000 0.6848 -4.6554
mdl/kikolonghair.png
 15 2.609739 -3.283395 66.673680 -1.000000 0.000000 0.000000 -0.0369 -4.6675
 15 2.859739 -2.997039 66.673310 -1.000000 0.000000 0.000000 0.6848 -4.6554
 15 1.909735 -3.097915 64.842160 1.000000 0.000000 0.000000 -0.0993 -4.9888
mdl/kikolonghair.png
 15 -2.720260 -3.140092 67.297210 1.000000 0.000000 0.000000 0.6848 -4.6554
 15 -2.760264 -2.570825 65.199780 1.000000 0.000000 0.000000 0.3567 -4.9784
 15 -2.800259 -2.607766 67.390100 1.000000 0.000000 0.000000 -0.0369 -4.6675
mdl/kikolonghair.png
 15 -2.810264 -2.216003 65.213970 1.000000 0.000000 0.000000 -0.0993 -4.9888
 15 -2.760264 -2.570825 65.199780 1.000000 0.000000 0.000000 0.3567 -4.9784
 15 -2.800259 -2.607766 67.390100 1.000000 0.000000 0.000000 -0.0369 -4.6675
mdl/kikolonghair.png
 15 -2.170261 -3.969187 67.253590 0.000000 1.000000 0.000000 0.6848 -4.6554
 15 -2.590265 -3.522085 65.201710 1.000000 0.000000 0.000000 0.363 -4.9804
 15 -2.670260 -3.227931 67.421650 1.000000 0.000000 0.000000 -0.0369 -4.6675
mdl/kikolonghair.png
 15 -2.860265 -3.084852 65.213020 1.000000 0.000000 0.000000 -0.0993 -4.9888
 15 -2.590265 -3.522085 65.201710 1.000000 0.000000 0.000000 0.363 -4.9804
 15 -2.670260 -3.227931 67.421650 1.000000 0.000000 0.000000 -0.0369 -4.6675
mdl/kikolonghair.png
 15 -1.640262 -4.299839 67.029830 1.000000 0.000000 0.000000 0.6848 -4.6554
 15 -2.150266 -3.859428 65.201460 1.000000 0.000000 0.000000 0.3604 -4.9781
 15 -2.170261 -3.969187 67.253590 0.000000 1.000000 0.000000 -0.0369 -4.6675
mdl/kikolonghair.png
 15 -2.500265 -3.514387 65.213580 1.000000 0.000000 0.000000 -0.0993 -4.9888
 15 -2.150266 -3.859428 65.201460 1.000000 0.000000 0.000000 0.3604 -4.9781
 15 -2.170261 -3.969187 67.253590 0.000000 1.000000 0.000000 -0.0369 -4.6675
mdl/kikolonghair.png
 15 -2.220257 -3.497835 68.785330 1.000000 0.000000 0.000000 0.0117 -4.4103
 15 -1.900255 -3.714413 69.802530 1.000000 0.000000 0.000000 0.1438 -4.1535
 15 -1.750259 -4.136043 68.373400 -0.444400 -0.888900 -0.111100 0.844 -4.4155
mdl/kikolonghair.png
 15 -2.220257 -3.497835 68.785330 1.000000 0.000000 0.000000 0.0117 -4.4103
 15 -1.750259 -4.136043 68.373400 -0.444400 -0.888900 -0.111100 0.844 -4.4155
 15 -1.900255 -3.714413 69.802530 1.000000 0.000000 0.000000 0.1438 -4.1535
mdl/kikolonghair.png
 15 -1.750259 -4.136043 68.373400 -0.444400 -0.888900 -0.111100 0.0117 -4.4103
 15 -1.020256 -4.331421 69.579140 0.894400 -0.447200 0.000000 0.1438 -4.1535
 15 -1.140260 -4.521401 67.974400 0.707100 0.707100 0.000000 0.844 -4.4155
mdl/kikolonghair.png
 15 -1.750259 -4.136043 68.373400 -0.444400 -0.888900 -0.111100 0.0117 -4.4103
 15 -1.140260 -4.521401 67.974400 0.707100 0.707100 0.000000 0.844 -4.4155
