version 1
nodes
  0 "Bone01"  -1
  1 "Bone02"   0
  2 "Bone03"   1
  3 "Bone04"   2
  4 "Bone05"   3
  5 "Bone07"   1
  6 "Bone08"   5
  7 "Bone10"   1
  8 "Bone11"   7
end
skeleton
time 0
  0 5.484630 -0.001978 1.886169 0.000000 0.000000 0.000000
  1 -3.062559 -0.031856 0.991261 0.000000 0.000000 0.000000
  2 -4.685364 0.000000 -0.117028 0.000000 0.000000 0.000000
  3 -4.680891 -0.031856 -0.147567 0.000000 0.000000 0.000000
  4 -2.278990 0.031856 -0.268109 0.000000 0.000000 0.000000
  5 -1.171244 1.482444 -1.484787 0.000000 0.000000 0.000000
  6 -0.332037 2.486470 -0.694772 0.000000 0.000000 0.000000
  7 -1.170765 -1.548909 -1.445581 0.000000 0.000000 0.000000
  8 -0.322266 -2.328406 -0.741200 0.000000 0.000000 0.000000
end
triangles
mdl/orange_koi.png
  2 -6.883292 0.606166 2.650402 -0.208700 0.978000 0.003500 0.821 0.48
  2 -6.883292 -0.063834 3.630402 -0.214800 0.715400 0.664900 0.821 0.6726
  1 -2.287929 -0.003834 4.957430 -0.176400 -0.164300 0.970500 0.5019 0.7082
mdl/orange_koi.png
  1 -2.287929 -0.003834 4.957430 -0.176400 -0.164300 0.970500 0.5019 0.7082
  2 -6.883292 -0.063834 3.630402 -0.214800 0.715400 0.664900 0.821 0.6726
  2 -6.883292 -0.733834 2.650402 -0.179700 -0.983700 -0.001900 0.821 0.48
mdl/orange_koi.png
  1 -2.287929 -0.003834 0.717430 -0.142200 0.002600 -0.989800 0.5047 0.203
  1 -2.287929 1.736166 2.757430 -0.118200 0.980300 0.158100 0.5024 0.4767
  0 2.464630 1.998022 2.816169 0.069400 0.986400 -0.148700 0.2546 0.4765
mdl/orange_koi.png
  0 2.414630 -0.001978 0.286169 0.073000 0.014900 -0.997200 0.2573 0.195
  0 2.464630 1.998022 2.816169 0.069400 0.986400 -0.148700 0.2546 0.4765
  0 6.364630 0.938022 1.986169 0.470300 0.882400 -0.013100 0.049 0.486
mdl/orange_koi.png
  1 -2.287929 -0.003834 4.957430 -0.176400 -0.164300 0.970500 0.5019 0.7082
  2 -6.883292 -0.063834 3.630402 -0.214800 0.715400 0.664900 0.821 0.6739
  1 -2.287929 -0.003834 4.957430 1.000000 0.000000 0.000000 0.5022 0.8189
mdl/orange_koi.png
  1 -2.287929 -0.003834 4.957430 1.000000 0.000000 0.000000 0.5022 0.8189
  2 -6.883292 -0.063834 3.630402 -0.214800 0.715400 0.664900 0.821 0.6739
  1 -2.287929 -0.003834 4.957430 -0.176400 -0.164300 0.970500 0.5019 0.7082
mdl/orange_koi.png
  0 7.244630 -0.041978 1.876169 0.998800 0.024800 -0.041500 0.0045 0.4684
  0 6.364630 -0.001978 2.976169 0.646000 0.025300 0.762900 0.048 0.6541
  0 6.364630 -1.071978 1.986169 0.481400 -0.876300 -0.016200 0.049 0.486
mdl/orange_koi.png
  0 2.444630 -0.001978 4.996169 0.259800 0.173600 0.949900 0.2528 0.7587
  1 -2.287929 -0.003834 4.957430 -0.176400 -0.164300 0.970500 0.5019 0.7082
  1 -2.287929 -0.003834 4.957430 1.000000 0.000000 0.000000 0.5022 0.8189
mdl/orange_koi.png
  0 6.364630 0.938022 1.986169 0.470300 0.882400 -0.013100 0.049 0.486
  0 2.464630 1.998022 2.816169 0.069400 0.986400 -0.148700 0.2546 0.4765
  0 2.444630 -0.001978 4.996169 0.259800 0.173600 0.949900 0.2528 0.7587
mdl/orange_koi.png
  0 6.364630 0.938022 1.986169 0.470300 0.882400 -0.013100 0.049 0.486
  0 6.364630 -0.001978 2.976169 0.646000 0.025300 0.762900 0.048 0.6541
  0 7.244630 -0.041978 1.876169 0.998800 0.024800 -0.041500 0.0045 0.4684
mdl/orange_koi.png
  1 -2.287929 -1.773834 2.757430 -0.138900 -0.990100 -0.020800 0.5024 0.4767
  2 -6.883292 -0.733834 2.650402 -0.179700 -0.983700 -0.001900 0.821 0.48
  1 -2.287929 -0.003834 0.717430 -0.142200 0.002600 -0.989800 0.5047 0.203
mdl/orange_koi.png
  0 2.464630 -2.041978 2.816169 0.048100 -0.998800 0.012200 0.2546 0.4765
  1 -2.287929 -1.773834 2.757430 -0.138900 -0.990100 -0.020800 0.5024 0.4767
  1 -2.287929 -0.003834 0.717430 -0.142200 0.002600 -0.989800 0.5047 0.203
mdl/orange_koi.png
  2 -6.883292 -0.063834 1.580402 -0.144400 0.746200 -0.649800 0.821 0.3264
  2 -6.883292 0.606166 2.650402 -0.208700 0.978000 0.003500 0.821 0.48
  1 -2.287929 -0.003834 0.717430 -0.142200 0.002600 -0.989800 0.5047 0.203
mdl/orange_koi.png
  1 -2.287929 -0.003834 4.957430 1.000000 0.000000 0.000000 0.5022 0.8189
  1 -2.287929 -0.003834 4.957430 -0.176400 -0.164300 0.970500 0.5019 0.7082
  0 2.444630 -0.001978 4.996169 0.259800 0.173600 0.949900 0.2528 0.7587
mdl/orange_koi.png
  0 2.444630 -0.001978 4.996169 0.259800 0.173600 0.949900 0.2528 0.7587
  1 -2.287929 -0.003834 4.957430 1.000000 0.000000 0.000000 0.5022 0.8189
  0 2.444630 -0.001978 4.996169 1.000000 0.000000 0.000000 0.2534 0.8751
mdl/orange_koi.png
  3 -9.894183 -0.065690 2.462835 -0.220500 -0.975400 0.004300 0.9571 0.4864
  3 -11.724180 -0.065690 -0.207165 -0.017900 -0.979200 -0.202200 0.9981 0.2742
  2 -6.883292 -0.733834 2.650402 -0.018200 -0.999800 0.011600 0.8152 0.4722
mdl/orange_koi.png
  0 2.444630 -0.001978 4.996169 0.259800 0.173600 0.949900 0.2528 0.7587
  1 -2.287929 -0.003834 4.957430 -0.176400 -0.164300 0.970500 0.5019 0.7082
  0 2.464630 -2.041978 2.816169 0.048100 -0.998800 0.012200 0.2546 0.4765
mdl/orange_koi.png
  1 -2.287929 -0.003834 4.957430 -0.176400 -0.164300 0.970500 0.5019 0.7082
  2 -6.883292 -0.733834 2.650402 -0.179700 -0.983700 -0.001900 0.821 0.48
  1 -2.287929 -1.773834 2.757430 -0.138900 -0.990100 -0.020800 0.5024 0.4767
mdl/orange_koi.png
  0 6.364630 -0.001978 1.006169 0.482800 0.026400 -0.875300 0.05 0.3539
  0 6.364630 0.938022 1.986169 0.470300 0.882400 -0.013100 0.049 0.486
  0 7.244630 -0.041978 1.876169 0.998800 0.024800 -0.041500 0.0045 0.4684
mdl/orange_koi.png
  0 2.464630 -2.041978 2.816169 0.048100 -0.998800 0.012200 0.2546 0.4765
  1 -2.287929 -0.003834 0.717430 -0.142200 0.002600 -0.989800 0.5047 0.203
  0 2.414630 -0.001978 0.286169 0.073000 0.014900 -0.997200 0.2573 0.195
mdl/orange_koi.png
  1 -2.287929 1.736166 2.757430 -0.118200 0.980300 0.158100 0.5024 0.4767
  1 -2.287929 -0.003834 4.957430 -0.176400 -0.164300 0.970500 0.5019 0.7082
  0 2.444630 -0.001978 4.996169 0.259800 0.173600 0.949900 0.2528 0.7587
mdl/orange_koi.png
  1 -2.287929 1.736166 2.757430 -0.118200 0.980300 0.158100 0.5024 0.4767
  2 -6.883292 0.606166 2.650402 -0.208700 0.978000 0.003500 0.821 0.48
  1 -2.287929 -0.003834 4.957430 -0.176400 -0.164300 0.970500 0.5019 0.7082
mdl/orange_koi.png
  1 -2.287929 -0.003834 4.957430 -0.176400 -0.164300 0.970500 0.5019 0.7082
  1 -2.287929 -1.773834 2.757430 -0.138900 -0.990100 -0.020800 0.5024 0.4767
  0 2.464630 -2.041978 2.816169 0.048100 -0.998800 0.012200 0.2546 0.4765
mdl/orange_koi.png
  0 2.464630 1.998022 2.816169 0.069400 0.986400 -0.148700 0.2546 0.4765
  1 -2.287929 1.736166 2.757430 -0.118200 0.980300 0.158100 0.5024 0.4767
  0 2.444630 -0.001978 4.996169 0.259800 0.173600 0.949900 0.2528 0.7587
mdl/orange_koi.png
  0 6.364630 -0.001978 1.006169 0.482800 0.026400 -0.875300 0.05 0.3539
  0 2.414630 -0.001978 0.286169 0.073000 0.014900 -0.997200 0.2573 0.195
  0 6.364630 0.938022 1.986169 0.470300 0.882400 -0.013100 0.049 0.486
mdl/orange_koi.png
  0 2.444630 -0.001978 4.996169 1.000000 0.000000 0.000000 0.2534 0.8751
  1 -2.287929 -0.003834 4.957430 1.000000 0.000000 0.000000 0.5022 0.8189
  0 2.444630 -0.001978 4.996169 0.259800 0.173600 0.949900 0.2528 0.7587
mdl/orange_koi.png
  0 6.364630 0.938022 1.986169 0.470300 0.882400 -0.013100 0.049 0.486
  0 2.444630 -0.001978 4.996169 0.259800 0.173600 0.949900 0.2528 0.7587
  0 6.364630 -0.001978 2.976169 0.646000 0.025300 0.762900 0.048 0.6541
mdl/orange_koi.png
  0 6.364630 -0.001978 2.976169 0.646000 0.025300 0.762900 0.048 0.6541
  0 2.444630 -0.001978 4.996169 0.259800 0.173600 0.949900 0.2528 0.7587
  0 2.444630 -0.001978 4.996169 1.000000 0.000000 0.000000 0.2534 0.8751
mdl/orange_koi.png
  0 6.364630 -1.071978 1.986169 0.481400 -0.876300 -0.016200 0.049 0.486
  0 2.464630 -2.041978 2.816169 0.048100 -0.998800 0.012200 0.2546 0.4765
  0 2.414630 -0.001978 0.286169 0.073000 0.014900 -0.997200 0.2573 0.195
mdl/orange_koi.png
  2 -6.883292 -0.063834 3.630402 0.176600 -0.810400 0.558600 0.8257 0.6791
  3 -11.824180 -0.065690 5.192835 -0.017700 -0.974100 0.225300 0.9871 0.8725
  2 -6.883292 -0.733834 2.650402 -0.018200 -0.999800 0.011600 0.8257 0.6791
mdl/orange_koi.png
  3 -11.724180 -0.065690 -0.207165 0.000000 1.000000 0.000000 0.9981 0.2742
  3 -9.894183 -0.065690 2.462835 -0.101600 0.994800 0.006800 0.9571 0.4864
  2 -6.883292 -0.063834 1.580402 -0.144400 0.746200 -0.649800 0.8152 0.4722
mdl/orange_koi.png
  2 -6.883292 0.606166 2.650402 -0.208700 0.978000 0.003500 0.8152 0.4722
  3 -9.894183 -0.065690 2.462835 -0.101600 0.994800 0.006800 0.9571 0.4864
  2 -6.883292 -0.063834 3.630402 -0.214800 0.715400 0.664900 0.8257 0.6791
mdl/orange_koi.png
  0 2.444630 -0.001978 4.996169 1.000000 0.000000 0.000000 0.2534 0.8751
  0 2.444630 -0.001978 4.996169 0.259800 0.173600 0.949900 0.2528 0.7587
  0 6.364630 -0.001978 2.976169 0.646000 0.025300 0.762900 0.048 0.6541
mdl/orange_koi.png
  0 6.364630 -0.001978 2.976169 0.646000 0.025300 0.762900 0.048 0.6541
  0 2.444630 -0.001978 4.996169 0.259800 0.173600 0.949900 0.2528 0.7587
  0 6.364630 -1.071978 1.986169 0.481400 -0.876300 -0.016200 0.049 0.486
mdl/orange_koi.png
  0 2.414630 -0.001978 0.286169 0.073000 0.014900 -0.997200 0.2573 0.195
  1 -2.287929 -0.003834 0.717430 -0.142200 0.002600 -0.989800 0.5047 0.203
  0 2.464630 1.998022 2.816169 0.069400 0.986400 -0.148700 0.2546 0.4765
mdl/orange_koi.png
  2 -6.883292 -0.733834 2.650402 -0.179700 -0.983700 -0.001900 0.821 0.48
  2 -6.883292 -0.063834 1.580402 -0.144400 0.746200 -0.649800 0.821 0.48
  1 -2.287929 -0.003834 0.717430 -0.142200 0.002600 -0.989800 0.5047 0.203
mdl/orange_koi.png
  0 6.364630 -1.071978 1.986169 0.481400 -0.876300 -0.016200 0.049 0.486
  0 6.364630 -0.001978 1.006169 0.482800 0.026400 -0.875300 0.05 0.3539
  0 7.244630 -0.041978 1.876169 0.998800 0.024800 -0.041500 0.0045 0.4684
mdl/orange_koi.png
  0 6.364630 -1.071978 1.986169 0.481400 -0.876300 -0.016200 0.049 0.486
  0 2.414630 -0.001978 0.286169 0.073000 0.014900 -0.997200 0.2573 0.195
  0 6.364630 -0.001978 1.006169 0.482800 0.026400 -0.875300 0.05 0.3539
mdl/orange_koi.png
  0 2.444630 -0.001978 4.996169 0.259800 0.173600 0.949900 0.2528 0.7587
  0 2.464630 -2.041978 2.816169 0.048100 -0.998800 0.012200 0.2546 0.4765
  0 6.364630 -1.071978 1.986169 0.481400 -0.876300 -0.016200 0.049 0.486
mdl/orange_koi.png
  2 -6.883292 -0.063834 1.580402 -0.144400 0.746200 -0.649800 0.8152 0.4722
  3 -9.894183 -0.065690 2.462835 -0.101600 0.994800 0.006800 0.9571 0.4864
  2 -6.883292 0.606166 2.650402 -0.208700 0.978000 0.003500 0.8152 0.4722
mdl/orange_koi.png
  2 -6.883292 -0.733834 2.650402 -0.018200 -0.999800 0.011600 0.8152 0.4722
  3 -11.724180 -0.065690 -0.207165 -0.017900 -0.979200 -0.202200 0.9981 0.2742
  2 -6.883292 -0.063834 1.580402 0.194300 -0.828300 -0.525600 0.9867 0.0344
mdl/orange_koi.png
  1 -2.287929 -0.003834 0.717430 -0.142200 0.002600 -0.989800 0.5047 0.203
  2 -6.883292 0.606166 2.650402 -0.208700 0.978000 0.003500 0.821 0.48
  1 -2.287929 1.736166 2.757430 -0.118200 0.980300 0.158100 0.5024 0.4767
mdl/orange_koi.png
  3 -9.894183 -0.065690 2.462835 -0.101600 0.994800 0.006800 0.9571 0.4864
  3 -11.824180 -0.065690 5.192835 0.000000 1.000000 0.000000 0.9871 0.8725
  2 -6.883292 -0.063834 3.630402 -0.214800 0.715400 0.664900 0.8257 0.6791
mdl/orange_koi.png
  3 -11.824180 -0.065690 5.192835 -0.017700 -0.974100 0.225300 0.9871 0.8725
  3 -9.894183 -0.065690 2.462835 -0.220500 -0.975400 0.004300 0.9571 0.4864
  2 -6.883292 -0.733834 2.650402 -0.018200 -0.999800 0.011600 0.8152 0.4722
mdl/orange_koi.png
  2 -3.693293 -0.003834 1.100402 -0.018200 -0.999800 0.011600 0.835 0.8579
  2 -5.893292 -0.003834 1.470402 -0.018200 -0.999800 0.011600 0.834 0.9965
  2 -6.223292 -0.003834 -0.299598 -0.018200 -0.999800 0.011600 0.8027 0.8254
mdl/orange_koi.png
  1 0.282071 -0.003834 0.607430 0.000000 -1.000000 0.000000 0.78 0.8728
  1 -0.707929 -0.003834 0.717430 0.000000 -1.000000 0.000000 0.7749 0.9823
  1 -1.917929 -0.003834 -1.192570 0.000000 -1.000000 0.000000 0.8235 0.8966
mdl/orange_koi.png
  0 2.964630 -0.001978 0.406169 0.000000 -1.000000 0.000000 0.7511 0.9581
  1 1.552071 -0.003834 0.267430 0.000000 -1.000000 0.000000 0.8294 0.9946
  1 1.072071 -0.003834 -1.152570 0.000000 -1.000000 0.000000 0.8285 0.7549
mdl/orange_koi.png
  2 -6.223292 -0.003834 -0.299598 0.000000 1.000000 0.000000 0.8027 0.8254
  2 -5.893292 -0.003834 1.470402 0.000000 1.000000 0.000000 0.834 0.9965
  2 -3.693293 -0.003834 1.100402 0.000000 1.000000 0.000000 0.835 0.8579
mdl/orange_koi.png
  1 -1.917929 -0.003834 -1.192570 0.000000 1.000000 0.000000 0.8235 0.8966
  1 -0.707929 -0.003834 0.717430 0.000000 1.000000 0.000000 0.7749 0.9823
  1 0.282071 -0.003834 0.607430 0.000000 1.000000 0.000000 0.78 0.8728
mdl/orange_koi.png
  1 1.072071 -0.003834 -1.152570 0.000000 1.000000 0.000000 0.8285 0.7549
  1 1.552071 -0.003834 0.267430 0.000000 1.000000 0.000000 0.8294 0.9946
  0 2.964630 -0.001978 0.406169 0.000000 1.000000 0.000000 0.7511 0.9581
mdl/orange_koi.png
  7 0.921306 -4.212743 0.731849 0.053400 -0.253300 0.965900 0.8276 0.7488
  0 2.464630 -1.051978 1.466169 0.053400 -0.253300 0.965900 0.7511 0.9581
  1 0.032071 -1.273834 1.547430 0.053400 -0.253300 0.965900 0.8294 0.9946
mdl/orange_koi.png
  7 0.921306 -4.212743 0.731849 -0.053400 0.253300 -0.965900 0.8276 0.7488
  1 0.032071 -1.273834 1.547430 -0.053400 0.253300 -0.965900 0.8294 0.9946
  0 2.464630 -1.051978 1.466169 -0.053400 0.253300 -0.965900 0.7511 0.9581
mdl/orange_koi.png
  0 2.464630 1.008022 1.466169 0.044800 0.244600 0.968600 0.7511 0.9581
  5 0.900827 4.218610 0.732643 0.044800 0.244600 0.968600 0.8276 0.7488
  1 0.022071 1.146166 1.547430 0.044800 0.244600 0.968600 0.8294 0.9946
mdl/orange_koi.png
  1 0.022071 1.146166 1.547430 -0.044800 -0.244600 -0.968600 0.8294 0.9946
  5 0.900827 4.218610 0.732643 -0.044800 -0.244600 -0.968600 0.8276 0.7488
  0 2.464630 1.008022 1.466169 -0.044800 -0.244600 -0.968600 0.7511 0.9581
mdl/orange_koi.png
  2 -4.963293 -0.003834 4.840402 -0.018200 -0.999800 0.011600 0.6717 0.8696
  2 -4.573293 -0.003834 4.150402 -0.018200 -0.999800 0.011600 0.6218 0.8957
  1 0.442071 -0.003834 6.817430 0.000000 -1.000000 0.000000 0.5517 0.9805
mdl/orange_koi.png
  2 -4.573293 -0.003834 4.150402 -0.018200 -0.999800 0.011600 0.6218 0.8957
  0 2.444630 -0.001978 4.996169 0.000000 -1.000000 0.000000 0.5104 0.9549
  1 0.442071 -0.003834 6.817430 0.000000 -1.000000 0.000000 0.5517 0.9805
mdl/orange_koi.png
  1 0.442071 -0.003834 6.817430 0.000000 1.000000 0.000000 0.5517 0.9805
  2 -4.573293 -0.003834 4.150402 0.000000 1.000000 0.000000 0.6218 0.8957
  2 -4.963293 -0.003834 4.840402 0.000000 1.000000 0.000000 0.6717 0.8696
mdl/orange_koi.png
  1 0.442071 -0.003834 6.817430 0.000000 1.000000 0.000000 0.5517 0.9805
  0 2.444630 -0.001978 4.996169 0.000000 1.000000 0.000000 0.5104 0.9549
  2 -4.573293 -0.003834 4.150402 0.000000 1.000000 0.000000 0.6218 0.8957
end
