version 1
nodes
  0 "Bone01"  -1
  1 "Bone02"   0
  2 "Bone03"   1
  3 "Bone04"   2
  4 "Bone05"   3
  5 "Bone07"   1
  6 "Bone08"   5
  7 "Bone10"   1
  8 "Bone11"   7
end
skeleton
time 0
  0 5.484630 -0.001978 1.886169 0.000000 0.000000 0.000000
  1 -3.062559 -0.031856 0.991261 0.000000 0.000000 0.000000
  2 -4.685364 0.000000 -0.117028 0.000000 0.000000 0.000000
  3 -4.680891 -0.031856 -0.147567 0.000000 0.000000 0.000000
  4 -2.278990 0.031856 -0.268109 0.000000 0.000000 0.000000
  5 -1.171244 1.482444 -1.484787 0.000000 0.000000 0.000000
  6 -0.332037 2.486470 -0.694772 0.000000 0.000000 0.000000
  7 -1.170765 -1.548909 -1.445581 0.000000 0.000000 0.000000
  8 -0.322266 -2.328406 -0.741200 0.000000 0.000000 0.000000
end
triangles
mdl/orange_koi.png
  2 -8.343292 -0.063834 1.900402 -0.409100 0.003500 -0.912500 0.884 0.2775
  2 -8.343292 -0.063834 3.310402 -0.393800 0.003700 0.919200 0.8849 0.6791
  0 2.464630 1.998022 2.816169 0.056500 0.998200 0.017700 0.2546 0.4765
mdl/orange_koi.png
  0 2.414630 -0.001978 0.286169 0.088300 0.004300 -0.996100 0.2573 0.195
  0 2.464630 1.998022 2.816169 0.056500 0.998200 0.017700 0.2546 0.4765
  0 7.244630 -0.041978 1.876169 0.999800 0.007600 0.019000 -0.0072 0.486
mdl/orange_koi.png
  0 7.244630 -0.041978 1.876169 0.999800 0.007600 0.019000 -0.0072 0.486
  0 2.464630 1.998022 2.816169 0.056500 0.998200 0.017700 0.2546 0.4765
  0 2.444630 -0.001978 4.996169 0.224800 0.004300 0.974400 0.2528 0.7587
mdl/orange_koi.png
  0 2.464630 -2.041978 2.816169 0.057900 -0.998200 0.017600 0.2546 0.4765
  2 -8.343292 -0.063834 3.310402 -0.393800 0.003700 0.919200 0.8849 0.6791
  2 -8.343292 -0.063834 1.900402 -0.409100 0.003500 -0.912500 0.884 0.2775
mdl/orange_koi.png
  0 2.444630 -0.001978 4.996169 0.224800 0.004300 0.974400 0.2528 0.7587
  2 -8.343292 -0.063834 3.310402 -0.393800 0.003700 0.919200 0.8849 0.6791
  0 2.444630 -0.001978 4.996169 0.999800 0.007600 0.019000 0.2534 0.8751
mdl/orange_koi.png
  0 2.444630 -0.001978 4.996169 0.224800 0.004300 0.974400 0.2528 0.7587
  2 -8.343292 -0.063834 3.310402 -0.393800 0.003700 0.919200 0.8849 0.6791
  0 2.464630 -2.041978 2.816169 0.057900 -0.998200 0.017600 0.2546 0.4765
mdl/orange_koi.png
  0 2.464630 -2.041978 2.816169 0.057900 -0.998200 0.017600 0.2546 0.4765
  2 -8.343292 -0.063834 1.900402 -0.409100 0.003500 -0.912500 0.884 0.2775
  0 2.414630 -0.001978 0.286169 0.088300 0.004300 -0.996100 0.2573 0.195
mdl/orange_koi.png
  0 2.464630 1.998022 2.816169 0.056500 0.998200 0.017700 0.2546 0.4765
  2 -8.343292 -0.063834 3.310402 -0.393800 0.003700 0.919200 0.8849 0.6791
  0 2.444630 -0.001978 4.996169 0.224800 0.004300 0.974400 0.2528 0.7587
mdl/orange_koi.png
  0 2.444630 -0.001978 4.996169 0.999800 0.007600 0.019000 0.2534 0.8751
  2 -8.343292 -0.063834 3.310402 -0.393800 0.003700 0.919200 0.8849 0.6791
  0 2.444630 -0.001978 4.996169 0.224800 0.004300 0.974400 0.2528 0.7587
mdl/orange_koi.png
  0 7.244630 -0.041978 1.876169 0.999800 0.007600 0.019000 -0.0072 0.486
  0 2.444630 -0.001978 4.996169 0.224800 0.004300 0.974400 0.2528 0.7587
  0 2.444630 -0.001978 4.996169 0.999800 0.007600 0.019000 0.2534 0.8751
mdl/orange_koi.png
  0 7.244630 -0.041978 1.876169 0.999800 0.007600 0.019000 -0.0072 0.486
  0 2.464630 -2.041978 2.816169 0.057900 -0.998200 0.017600 0.2546 0.4765
  0 2.414630 -0.001978 0.286169 0.088300 0.004300 -0.996100 0.2573 0.195
mdl/orange_koi.png
  0 2.444630 -0.001978 4.996169 0.999800 0.007600 0.019000 0.2534 0.8751
  0 2.444630 -0.001978 4.996169 0.224800 0.004300 0.974400 0.2528 0.7587
  0 7.244630 -0.041978 1.876169 0.999800 0.007600 0.019000 -0.0072 0.486
mdl/orange_koi.png
  0 2.414630 -0.001978 0.286169 0.088300 0.004300 -0.996100 0.2573 0.195
  2 -8.343292 -0.063834 1.900402 -0.409100 0.003500 -0.912500 0.884 0.2775
  0 2.464630 1.998022 2.816169 0.056500 0.998200 0.017700 0.2546 0.4765
mdl/orange_koi.png
  0 2.444630 -0.001978 4.996169 0.224800 0.004300 0.974400 0.2528 0.7587
  0 2.464630 -2.041978 2.816169 0.057900 -0.998200 0.017600 0.2546 0.4765
  0 7.244630 -0.041978 1.876169 0.999800 0.007600 0.019000 -0.0072 0.486
mdl/orange_koi.png
  2 -4.963293 -0.003834 4.840402 0.000000 -1.000000 0.000000 0.6717 0.8696
  2 -4.573293 -0.003834 3.790402 0.000000 -1.000000 0.000000 0.6218 0.8957
  0 0.444630 -0.001978 6.816169 0.000000 -1.000000 0.000000 0.5517 0.9805
mdl/orange_koi.png
  2 -4.573293 -0.003834 3.790402 0.000000 -1.000000 0.000000 0.6218 0.8957
  0 2.444630 -0.001978 4.996169 0.000000 -1.000000 0.000000 0.5104 0.9549
  0 0.444630 -0.001978 6.816169 0.000000 -1.000000 0.000000 0.5517 0.9805
mdl/orange_koi.png
  0 0.444630 -0.001978 6.816169 0.000000 1.000000 0.000000 0.5517 0.9805
  2 -4.573293 -0.003834 3.790402 0.000000 1.000000 0.000000 0.6218 0.8957
  2 -4.963293 -0.003834 4.840402 0.000000 1.000000 0.000000 0.6717 0.8696
mdl/orange_koi.png
  0 0.444630 -0.001978 6.816169 0.000000 1.000000 0.000000 0.5517 0.9805
  0 2.444630 -0.001978 4.996169 0.000000 1.000000 0.000000 0.5104 0.9549
  2 -4.573293 -0.003834 3.790402 0.000000 1.000000 0.000000 0.6218 0.8957
mdl/orange_koi.png
  3 -9.894183 -0.065690 2.462835 0.000000 -1.000000 0.000000 0.9571 0.4864
  3 -11.724180 -0.065690 -0.207165 0.000000 -1.000000 0.000000 0.9981 0.2742
  2 -6.883292 -0.063834 2.630402 0.000000 -1.000000 0.000000 0.8152 0.4722
mdl/orange_koi.png
  3 -11.724180 -0.065690 -0.207165 0.000000 1.000000 0.000000 0.9981 0.2742
  3 -9.894183 -0.065690 2.462835 0.000000 1.000000 0.000000 0.9571 0.4864
  2 -6.883292 -0.063834 2.630402 0.000000 1.000000 0.000000 0.8152 0.4722
mdl/orange_koi.png
  3 -9.894183 -0.065690 2.462835 0.000000 1.000000 0.000000 0.9571 0.4864
  3 -11.824180 -0.065690 5.192835 0.000000 1.000000 0.000000 0.9871 0.8725
  2 -6.883292 -0.063834 2.630402 0.000000 1.000000 0.000000 0.8257 0.6791
mdl/orange_koi.png
  3 -11.824180 -0.065690 5.192835 0.000000 -1.000000 0.000000 0.9871 0.8725
  3 -9.894183 -0.065690 2.462835 0.000000 -1.000000 0.000000 0.9571 0.4864
  2 -6.883292 -0.063834 2.630402 0.000000 -1.000000 0.000000 0.8152 0.4722
end
