version 1
nodes
  0 "furn5_vase2"  -1
end
skeleton
time 0
  0 0.000000 0.000000 8.547209 0.000000 0.000000 0.000000
end
triangles
mdl/furn_5.png
  0 2.210000 2.210000 2.717209 0.711000 0.697500 -0.089800 0.1266 0.9918
  0 3.130000 0.000000 2.717209 0.995900 -0.009500 -0.089800 0.1446 0.9918
  0 3.920000 0.000000 1.677209 0.792000 0.109300 0.600700 0.1582 0.8213
mdl/furn_5.png
  0 2.770000 2.770000 1.677209 0.482700 0.637300 0.600700 0.1357 0.8213
  0 2.210000 2.210000 2.717209 0.711000 0.697500 -0.089800 0.1266 0.9918
  0 3.920000 0.000000 1.677209 0.792000 0.109300 0.600700 0.1582 0.8213
mdl/furn_5.png
  0 0.000000 3.130000 2.717209 0.009500 0.995900 -0.089800 0.0831 0.9918
  0 2.210000 2.210000 2.717209 0.711000 0.697500 -0.089800 0.1266 0.9918
  0 2.770000 2.770000 1.677209 0.482700 0.637300 0.600700 0.1357 0.8213
mdl/furn_5.png
  0 0.000000 3.920000 1.677209 -0.109300 0.792000 0.600700 0.0814 0.8213
  0 0.000000 3.130000 2.717209 0.009500 0.995900 -0.089800 0.0831 0.9918
  0 2.770000 2.770000 1.677209 0.482700 0.637300 0.600700 0.1357 0.8213
mdl/furn_5.png
  0 -2.210000 2.210000 2.717209 -0.697500 0.711000 -0.089800 0.0397 0.9918
  0 0.000000 3.130000 2.717209 0.009500 0.995900 -0.089800 0.0831 0.9918
  0 0.000000 3.920000 1.677209 -0.109300 0.792000 0.600700 0.0814 0.8213
mdl/furn_5.png
  0 -2.770000 2.770000 1.677209 -0.637300 0.482700 0.600700 0.0271 0.8213
  0 -2.210000 2.210000 2.717209 -0.697500 0.711000 -0.089800 0.0397 0.9918
  0 0.000000 3.920000 1.677209 -0.109300 0.792000 0.600700 0.0814 0.8213
mdl/furn_5.png
  0 -3.130000 0.000000 2.717209 -0.995900 0.009500 -0.089800 0.0217 0.9918
  0 -2.210000 2.210000 2.717209 -0.697500 0.711000 -0.089800 0.0397 0.9918
  0 -2.770000 2.770000 1.677209 -0.637300 0.482700 0.600700 0.0271 0.8213
mdl/furn_5.png
  0 -3.920000 0.000000 1.677209 -0.792000 -0.109300 0.600700 0.0046 0.8213
  0 -3.130000 0.000000 2.717209 -0.995900 0.009500 -0.089800 0.0217 0.9918
  0 -2.770000 2.770000 1.677209 -0.637300 0.482700 0.600700 0.0271 0.8213
mdl/furn_5.png
  0 -2.210000 -2.210000 2.717209 -0.711000 -0.697500 -0.089800 0.0397 0.9918
  0 -3.130000 0.000000 2.717209 -0.995900 0.009500 -0.089800 0.0217 0.9918
  0 -3.920000 0.000000 1.677209 -0.792000 -0.109300 0.600700 0.0046 0.8213
mdl/furn_5.png
  0 -2.770000 -2.770000 1.677209 -0.482700 -0.637300 0.600700 0.0271 0.8213
  0 -2.210000 -2.210000 2.717209 -0.711000 -0.697500 -0.089800 0.0397 0.9918
  0 -3.920000 0.000000 1.677209 -0.792000 -0.109300 0.600700 0.0046 0.8213
mdl/furn_5.png
  0 0.000000 -3.130000 2.717209 -0.009500 -0.995900 -0.089800 0.0831 0.9918
  0 -2.210000 -2.210000 2.717209 -0.711000 -0.697500 -0.089800 0.0397 0.9918
  0 -2.770000 -2.770000 1.677209 -0.482700 -0.637300 0.600700 0.0271 0.8213
mdl/furn_5.png
  0 0.000000 -3.920000 1.677209 0.109300 -0.792000 0.600700 0.0814 0.8213
  0 0.000000 -3.130000 2.717209 -0.009500 -0.995900 -0.089800 0.0831 0.9918
  0 -2.770000 -2.770000 1.677209 -0.482700 -0.637300 0.600700 0.0271 0.8213
mdl/furn_5.png
  0 2.210000 -2.210000 2.717209 0.697500 -0.711000 -0.089800 0.1266 0.9918
  0 0.000000 -3.130000 2.717209 -0.009500 -0.995900 -0.089800 0.0831 0.9918
  0 0.000000 -3.920000 1.677209 0.109300 -0.792000 0.600700 0.0814 0.8213
mdl/furn_5.png
  0 2.770000 -2.770000 1.677209 0.637300 -0.482700 0.600700 0.1357 0.8213
  0 2.210000 -2.210000 2.717209 0.697500 -0.711000 -0.089800 0.1266 0.9918
  0 0.000000 -3.920000 1.677209 0.109300 -0.792000 0.600700 0.0814 0.8213
mdl/furn_5.png
  0 3.130000 0.000000 2.717209 0.995900 -0.009500 -0.089800 0.1446 0.9918
  0 2.210000 -2.210000 2.717209 0.697500 -0.711000 -0.089800 0.1266 0.9918
  0 2.770000 -2.770000 1.677209 0.637300 -0.482700 0.600700 0.1357 0.8213
mdl/furn_5.png
  0 3.920000 0.000000 1.677209 0.792000 0.109300 0.600700 0.1582 0.8213
  0 3.130000 0.000000 2.717209 0.995900 -0.009500 -0.089800 0.1446 0.9918
  0 2.770000 -2.770000 1.677209 0.637300 -0.482700 0.600700 0.1357 0.8213
mdl/furn_5.png
  0 2.770000 -2.770000 1.677209 0.707100 0.707100 0.000000 0.1357 0.8213
  0 1.770000 -1.770000 0.077209 0.707100 0.707100 0.000000 0.1157 0.7932
  0 1.770000 -1.770000 2.727209 0.707100 0.707100 0.000000 0.1179 0.9923
mdl/furn_5.png
  0 1.770000 -1.770000 0.077209 -0.707100 -0.707100 0.000000 0.1157 0.7932
  0 2.770000 -2.770000 1.677209 -0.707100 -0.707100 0.000000 0.1357 0.8213
  0 1.770000 -1.770000 2.727209 -0.707100 -0.707100 0.000000 0.1179 0.9923
mdl/furn_5.png
  0 2.210000 -2.210000 0.077209 -0.707100 -0.707100 0.000000 0.1244 0.7932
  0 2.770000 -2.770000 1.677209 -0.707100 -0.707100 0.000000 0.1357 0.8213
  0 1.770000 -1.770000 0.077209 -0.707100 -0.707100 0.000000 0.1157 0.7932
mdl/furn_5.png
  0 2.770000 -2.770000 1.677209 0.707100 0.707100 0.000000 0.1357 0.8213
  0 2.210000 -2.210000 0.077209 0.707100 0.707100 0.000000 0.1244 0.7932
  0 1.770000 -1.770000 0.077209 0.707100 0.707100 0.000000 0.1157 0.7932
mdl/furn_5.png
  0 -2.770000 -2.770000 1.677209 0.707100 -0.707100 0.000000 0.0271 0.8213
  0 -1.770000 -1.770000 0.077209 0.707100 -0.707100 0.000000 0.0462 0.7932
  0 -1.770000 -1.770000 2.727209 0.707100 -0.707100 0.000000 0.0484 0.9923
mdl/furn_5.png
  0 -1.770000 -1.770000 0.077209 -0.707100 0.707100 0.000000 0.0462 0.7932
  0 -2.770000 -2.770000 1.677209 -0.707100 0.707100 0.000000 0.0271 0.8213
  0 -1.770000 -1.770000 2.727209 -0.707100 0.707100 0.000000 0.0484 0.9923
mdl/furn_5.png
  0 -2.770000 -2.770000 1.677209 0.707100 -0.707100 0.000000 0.0271 0.8213
  0 -2.210000 -2.210000 0.077209 0.707100 -0.707100 0.000000 0.0375 0.7932
  0 -1.770000 -1.770000 0.077209 0.707100 -0.707100 0.000000 0.0462 0.7932
mdl/furn_5.png
  0 -2.210000 -2.210000 0.077209 -0.707100 0.707100 0.000000 0.0375 0.7932
  0 -2.770000 -2.770000 1.677209 -0.707100 0.707100 0.000000 0.0271 0.8213
  0 -1.770000 -1.770000 0.077209 -0.707100 0.707100 0.000000 0.0462 0.7932
mdl/furn_5.png
  0 2.770000 2.770000 1.677209 -0.707100 0.707100 0.000000 0.1357 0.8213
  0 1.770000 1.770000 0.077209 -0.707100 0.707100 0.000000 0.1157 0.7932
  0 1.770000 1.770000 2.727209 -0.707100 0.707100 0.000000 0.1179 0.9923
mdl/furn_5.png
  0 1.770000 1.770000 0.077209 0.707100 -0.707100 0.000000 0.1157 0.7932
  0 2.770000 2.770000 1.677209 0.707100 -0.707100 0.000000 0.1357 0.8213
  0 1.770000 1.770000 2.727209 0.707100 -0.707100 0.000000 0.1179 0.9923
mdl/furn_5.png
  0 2.210000 2.210000 0.077209 -0.707100 0.707100 0.000000 0.1244 0.7932
  0 1.770000 1.770000 0.077209 -0.707100 0.707100 0.000000 0.1157 0.7932
  0 2.770000 2.770000 1.677209 -0.707100 0.707100 0.000000 0.1357 0.8213
mdl/furn_5.png
  0 1.770000 1.770000 0.077209 0.707100 -0.707100 0.000000 0.1157 0.7932
  0 2.210000 2.210000 0.077209 0.707100 -0.707100 0.000000 0.1244 0.7932
  0 2.770000 2.770000 1.677209 0.707100 -0.707100 0.000000 0.1357 0.8213
mdl/furn_5.png
  0 -2.770000 2.770000 1.677209 -0.707100 -0.707100 0.000000 0.0271 0.8213
  0 -1.770000 1.770000 0.077209 -0.707100 -0.707100 0.000000 0.0462 0.7932
  0 -1.770000 1.770000 2.727209 -0.707100 -0.707100 0.000000 0.0484 0.9923
mdl/furn_5.png
  0 -1.770000 1.770000 0.077209 0.707100 0.707100 0.000000 0.0462 0.7932
  0 -2.770000 2.770000 1.677209 0.707100 0.707100 0.000000 0.0271 0.8213
  0 -1.770000 1.770000 2.727209 0.707100 0.707100 0.000000 0.0484 0.9923
mdl/furn_5.png
  0 -2.210000 2.210000 0.077209 -0.707100 -0.707100 0.000000 0.0375 0.7932
  0 -1.770000 1.770000 0.077209 -0.707100 -0.707100 0.000000 0.0462 0.7932
  0 -2.770000 2.770000 1.677209 -0.707100 -0.707100 0.000000 0.0271 0.8213
mdl/furn_5.png
  0 -1.770000 1.770000 0.077209 0.707100 0.707100 0.000000 0.0462 0.7932
  0 -2.210000 2.210000 0.077209 0.707100 0.707100 0.000000 0.0375 0.7932
  0 -2.770000 2.770000 1.677209 0.707100 0.707100 0.000000 0.0271 0.8213
mdl/furn_5.png
  0 3.410000 3.410000 4.307209 0.616600 0.645500 -0.450700 0.4791 0.9807
  0 4.830000 0.000000 4.307209 0.892400 0.020400 -0.450700 0.4791 0.9958
  0 3.130000 0.000000 2.717209 0.995900 -0.009500 -0.089800 0.4921 0.9958
mdl/furn_5.png
  0 2.210000 2.210000 2.717209 0.711000 0.697500 -0.089800 0.4921 0.9807
  0 3.410000 3.410000 4.307209 0.616600 0.645500 -0.450700 0.4791 0.9807
  0 3.130000 0.000000 2.717209 0.995900 -0.009500 -0.089800 0.4921 0.9958
mdl/furn_5.png
  0 0.000000 4.830000 4.307209 -0.020400 0.892400 -0.450700 0.4791 0.8964
  0 3.410000 3.410000 4.307209 0.616600 0.645500 -0.450700 0.4791 0.9807
  0 2.210000 2.210000 2.717209 0.711000 0.697500 -0.089800 0.4921 0.9807
mdl/furn_5.png
  0 0.000000 3.130000 2.717209 0.009500 0.995900 -0.089800 0.4921 0.8964
  0 0.000000 4.830000 4.307209 -0.020400 0.892400 -0.450700 0.4791 0.8964
  0 2.210000 2.210000 2.717209 0.711000 0.697500 -0.089800 0.4921 0.9807
mdl/furn_5.png
  0 -3.410000 3.410000 4.307209 -0.645500 0.616600 -0.450700 0.4791 0.8121
  0 0.000000 4.830000 4.307209 -0.020400 0.892400 -0.450700 0.4791 0.8964
  0 0.000000 3.130000 2.717209 0.009500 0.995900 -0.089800 0.4921 0.8964
mdl/furn_5.png
  0 -2.210000 2.210000 2.717209 -0.697500 0.711000 -0.089800 0.4921 0.8121
  0 -3.410000 3.410000 4.307209 -0.645500 0.616600 -0.450700 0.4791 0.8121
  0 0.000000 3.130000 2.717209 0.009500 0.995900 -0.089800 0.4921 0.8964
mdl/furn_5.png
  0 -4.830000 0.000000 4.307209 -0.892400 -0.020400 -0.450700 0.4791 0.7971
  0 -3.410000 3.410000 4.307209 -0.645500 0.616600 -0.450700 0.4791 0.8121
  0 -2.210000 2.210000 2.717209 -0.697500 0.711000 -0.089800 0.4921 0.8121
mdl/furn_5.png
  0 -3.130000 0.000000 2.717209 -0.995900 0.009500 -0.089800 0.4921 0.7971
  0 -4.830000 0.000000 4.307209 -0.892400 -0.020400 -0.450700 0.4791 0.7971
  0 -2.210000 2.210000 2.717209 -0.697500 0.711000 -0.089800 0.4921 0.8121
mdl/furn_5.png
  0 -3.410000 -3.410000 4.307209 -0.616600 -0.645500 -0.450700 0.4791 0.8121
  0 -4.830000 0.000000 4.307209 -0.892400 -0.020400 -0.450700 0.4791 0.7971
  0 -3.130000 0.000000 2.717209 -0.995900 0.009500 -0.089800 0.4921 0.7971
mdl/furn_5.png
  0 -2.210000 -2.210000 2.717209 -0.711000 -0.697500 -0.089800 0.4921 0.8121
  0 -3.410000 -3.410000 4.307209 -0.616600 -0.645500 -0.450700 0.4791 0.8121
  0 -3.130000 0.000000 2.717209 -0.995900 0.009500 -0.089800 0.4921 0.7971
mdl/furn_5.png
  0 0.000000 -4.830000 4.307209 0.020400 -0.892400 -0.450700 0.4791 0.8964
  0 -3.410000 -3.410000 4.307209 -0.616600 -0.645500 -0.450700 0.4791 0.8121
  0 -2.210000 -2.210000 2.717209 -0.711000 -0.697500 -0.089800 0.4921 0.8121
mdl/furn_5.png
  0 0.000000 -3.130000 2.717209 -0.009500 -0.995900 -0.089800 0.4921 0.8964
  0 0.000000 -4.830000 4.307209 0.020400 -0.892400 -0.450700 0.4791 0.8964
  0 -2.210000 -2.210000 2.717209 -0.711000 -0.697500 -0.089800 0.4921 0.8121
mdl/furn_5.png
  0 3.410000 -3.410000 4.307209 0.645500 -0.616600 -0.450700 0.4791 0.9807
  0 0.000000 -4.830000 4.307209 0.020400 -0.892400 -0.450700 0.4791 0.8964
  0 0.000000 -3.130000 2.717209 -0.009500 -0.995900 -0.089800 0.4921 0.8964
mdl/furn_5.png
  0 2.210000 -2.210000 2.717209 0.697500 -0.711000 -0.089800 0.4921 0.9807
  0 3.410000 -3.410000 4.307209 0.645500 -0.616600 -0.450700 0.4791 0.9807
  0 0.000000 -3.130000 2.717209 -0.009500 -0.995900 -0.089800 0.4921 0.8964
mdl/furn_5.png
  0 4.830000 0.000000 4.307209 0.892400 0.020400 -0.450700 0.4791 0.9958
  0 3.410000 -3.410000 4.307209 0.645500 -0.616600 -0.450700 0.4791 0.9807
  0 2.210000 -2.210000 2.717209 0.697500 -0.711000 -0.089800 0.4921 0.9807
mdl/furn_5.png
  0 3.130000 0.000000 2.717209 0.995900 -0.009500 -0.089800 0.4921 0.9958
  0 4.830000 0.000000 4.307209 0.892400 0.020400 -0.450700 0.4791 0.9958
  0 2.210000 -2.210000 2.717209 0.697500 -0.711000 -0.089800 0.4921 0.9807
mdl/furn_5.png
  0 3.720000 3.720000 8.497209 0.662800 0.622100 0.416700 0.2274 0.9694
  0 5.260000 0.000000 8.497209 0.908600 -0.028800 0.416700 0.2274 0.9973
  0 4.830000 0.000000 4.307209 0.892400 0.020400 -0.450700 0.4791 0.9958
mdl/furn_5.png
  0 3.410000 3.410000 4.307209 0.616600 0.645500 -0.450700 0.4791 0.9807
  0 3.720000 3.720000 8.497209 0.662800 0.622100 0.416700 0.2274 0.9694
  0 4.830000 0.000000 4.307209 0.892400 0.020400 -0.450700 0.4791 0.9958
mdl/furn_5.png
  0 0.000000 5.260000 8.497209 0.028800 0.908600 0.416700 0.2274 0.9022
  0 3.720000 3.720000 8.497209 0.662800 0.622100 0.416700 0.2274 0.9694
  0 3.410000 3.410000 4.307209 0.616600 0.645500 -0.450700 0.4791 0.9807
mdl/furn_5.png
  0 0.000000 4.830000 4.307209 -0.020400 0.892400 -0.450700 0.4791 0.8964
  0 0.000000 5.260000 8.497209 0.028800 0.908600 0.416700 0.2274 0.9022
  0 3.410000 3.410000 4.307209 0.616600 0.645500 -0.450700 0.4791 0.9807
mdl/furn_5.png
  0 -3.720000 3.720000 8.497209 -0.622100 0.662800 0.416700 0.2274 0.8351
  0 0.000000 5.260000 8.497209 0.028800 0.908600 0.416700 0.2274 0.9022
  0 0.000000 4.830000 4.307209 -0.020400 0.892400 -0.450700 0.4791 0.8964
mdl/furn_5.png
  0 -3.410000 3.410000 4.307209 -0.645500 0.616600 -0.450700 0.4791 0.8121
  0 -3.720000 3.720000 8.497209 -0.622100 0.662800 0.416700 0.2274 0.8351
  0 0.000000 4.830000 4.307209 -0.020400 0.892400 -0.450700 0.4791 0.8964
mdl/furn_5.png
  0 -5.260000 0.000000 8.497209 -0.908600 0.028800 0.416700 0.2274 0.8072
  0 -3.720000 3.720000 8.497209 -0.622100 0.662800 0.416700 0.2274 0.8351
  0 -3.410000 3.410000 4.307209 -0.645500 0.616600 -0.450700 0.4791 0.8121
mdl/furn_5.png
  0 -4.830000 0.000000 4.307209 -0.892400 -0.020400 -0.450700 0.4791 0.7971
  0 -5.260000 0.000000 8.497209 -0.908600 0.028800 0.416700 0.2274 0.8072
  0 -3.410000 3.410000 4.307209 -0.645500 0.616600 -0.450700 0.4791 0.8121
mdl/furn_5.png
  0 -3.720000 -3.720000 8.497209 -0.662800 -0.622100 0.416700 0.2274 0.8351
  0 -5.260000 0.000000 8.497209 -0.908600 0.028800 0.416700 0.2274 0.8072
  0 -4.830000 0.000000 4.307209 -0.892400 -0.020400 -0.450700 0.4791 0.7971
mdl/furn_5.png
  0 -3.410000 -3.410000 4.307209 -0.616600 -0.645500 -0.450700 0.4791 0.8121
  0 -3.720000 -3.720000 8.497209 -0.662800 -0.622100 0.416700 0.2274 0.8351
  0 -4.830000 0.000000 4.307209 -0.892400 -0.020400 -0.450700 0.4791 0.7971
mdl/furn_5.png
  0 0.000000 -5.260000 8.497209 -0.028800 -0.908600 0.416700 0.2274 0.9022
  0 -3.720000 -3.720000 8.497209 -0.662800 -0.622100 0.416700 0.2274 0.8351
  0 -3.410000 -3.410000 4.307209 -0.616600 -0.645500 -0.450700 0.4791 0.8121
mdl/furn_5.png
  0 0.000000 -4.830000 4.307209 0.020400 -0.892400 -0.450700 0.4791 0.8964
  0 0.000000 -5.260000 8.497209 -0.028800 -0.908600 0.416700 0.2274 0.9022
  0 -3.410000 -3.410000 4.307209 -0.616600 -0.645500 -0.450700 0.4791 0.8121
mdl/furn_5.png
  0 3.720000 -3.720000 8.497209 0.622100 -0.662800 0.416700 0.2274 0.9694
  0 0.000000 -5.260000 8.497209 -0.028800 -0.908600 0.416700 0.2274 0.9022
  0 0.000000 -4.830000 4.307209 0.020400 -0.892400 -0.450700 0.4791 0.8964
mdl/furn_5.png
  0 3.410000 -3.410000 4.307209 0.645500 -0.616600 -0.450700 0.4791 0.9807
  0 3.720000 -3.720000 8.497209 0.622100 -0.662800 0.416700 0.2274 0.9694
  0 0.000000 -4.830000 4.307209 0.020400 -0.892400 -0.450700 0.4791 0.8964
mdl/furn_5.png
  0 5.260000 0.000000 8.497209 0.908600 -0.028800 0.416700 0.2274 0.9973
  0 3.720000 -3.720000 8.497209 0.622100 -0.662800 0.416700 0.2274 0.9694
  0 3.410000 -3.410000 4.307209 0.645500 -0.616600 -0.450700 0.4791 0.9807
mdl/furn_5.png
  0 4.830000 0.000000 4.307209 0.892400 0.020400 -0.450700 0.4791 0.9958
  0 5.260000 0.000000 8.497209 0.908600 -0.028800 0.416700 0.2274 0.9973
  0 3.410000 -3.410000 4.307209 0.645500 -0.616600 -0.450700 0.4791 0.9807
mdl/furn_5.png
  0 0.940000 0.940000 11.387210 0.606500 0.647100 0.462000 0.0337 0.9722
  0 1.330000 0.000000 11.387210 0.886500 0.028400 0.461800 0.0337 0.9963
  0 5.260000 0.000000 8.497209 0.908600 -0.028800 0.416700 0.2274 0.9973
mdl/furn_5.png
  0 3.720000 3.720000 8.497209 0.662800 0.622100 0.416700 0.2274 0.9694
  0 0.940000 0.940000 11.387210 0.606500 0.647100 0.462000 0.0337 0.9722
  0 5.260000 0.000000 8.497209 0.908600 -0.028800 0.416700 0.2274 0.9973
mdl/furn_5.png
  0 0.000000 1.330000 11.387210 -0.027900 0.886500 0.461900 0.0337 0.9142
  0 0.940000 0.940000 11.387210 0.606500 0.647100 0.462000 0.0337 0.9722
  0 3.720000 3.720000 8.497209 0.662800 0.622100 0.416700 0.2274 0.9694
mdl/furn_5.png
  0 0.000000 5.260000 8.497209 0.028800 0.908600 0.416700 0.2274 0.9022
  0 0.000000 1.330000 11.387210 -0.027900 0.886500 0.461900 0.0337 0.9142
  0 3.720000 3.720000 8.497209 0.662800 0.622100 0.416700 0.2274 0.9694
mdl/furn_5.png
  0 -0.940000 0.940000 11.387210 -0.646900 0.606800 0.461800 0.0337 0.8561
  0 0.000000 1.330000 11.387210 -0.027900 0.886500 0.461900 0.0337 0.9142
  0 0.000000 5.260000 8.497209 0.028800 0.908600 0.416700 0.2274 0.9022
mdl/furn_5.png
  0 -3.720000 3.720000 8.497209 -0.622100 0.662800 0.416700 0.2274 0.8351
  0 -0.940000 0.940000 11.387210 -0.646900 0.606800 0.461800 0.0337 0.8561
  0 0.000000 5.260000 8.497209 0.028800 0.908600 0.416700 0.2274 0.9022
mdl/furn_5.png
  0 -1.330000 0.000000 11.387210 -0.886500 -0.028400 0.461800 0.0337 0.832
  0 -0.940000 0.940000 11.387210 -0.646900 0.606800 0.461800 0.0337 0.8561
  0 -3.720000 3.720000 8.497209 -0.622100 0.662800 0.416700 0.2274 0.8351
mdl/furn_5.png
  0 -5.260000 0.000000 8.497209 -0.908600 0.028800 0.416700 0.2274 0.8072
  0 -1.330000 0.000000 11.387210 -0.886500 -0.028400 0.461800 0.0337 0.832
  0 -3.720000 3.720000 8.497209 -0.622100 0.662800 0.416700 0.2274 0.8351
mdl/furn_5.png
  0 -0.940000 -0.940000 11.387210 -0.606800 -0.646900 0.461800 0.0337 0.8561
  0 -1.330000 0.000000 11.387210 -0.886500 -0.028400 0.461800 0.0337 0.832
  0 -5.260000 0.000000 8.497209 -0.908600 0.028800 0.416700 0.2274 0.8072
mdl/furn_5.png
  0 -3.720000 -3.720000 8.497209 -0.662800 -0.622100 0.416700 0.2274 0.8351
  0 -0.940000 -0.940000 11.387210 -0.606800 -0.646900 0.461800 0.0337 0.8561
  0 -5.260000 0.000000 8.497209 -0.908600 0.028800 0.416700 0.2274 0.8072
mdl/furn_5.png
  0 0.000000 -1.330000 11.387210 0.028400 -0.886500 0.461800 0.0337 0.9142
  0 -0.940000 -0.940000 11.387210 -0.606800 -0.646900 0.461800 0.0337 0.8561
  0 -3.720000 -3.720000 8.497209 -0.662800 -0.622100 0.416700 0.2274 0.8351
mdl/furn_5.png
  0 0.000000 -5.260000 8.497209 -0.028800 -0.908600 0.416700 0.2274 0.9022
  0 0.000000 -1.330000 11.387210 0.028400 -0.886500 0.461800 0.0337 0.9142
  0 -3.720000 -3.720000 8.497209 -0.662800 -0.622100 0.416700 0.2274 0.8351
mdl/furn_5.png
  0 0.940000 -0.940000 11.387210 0.646900 -0.606800 0.461800 0.0337 0.9722
  0 0.000000 -1.330000 11.387210 0.028400 -0.886500 0.461800 0.0337 0.9142
  0 0.000000 -5.260000 8.497209 -0.028800 -0.908600 0.416700 0.2274 0.9022
mdl/furn_5.png
  0 3.720000 -3.720000 8.497209 0.622100 -0.662800 0.416700 0.2274 0.9694
  0 0.940000 -0.940000 11.387210 0.646900 -0.606800 0.461800 0.0337 0.9722
  0 0.000000 -5.260000 8.497209 -0.028800 -0.908600 0.416700 0.2274 0.9022
mdl/furn_5.png
  0 1.330000 0.000000 11.387210 0.886500 0.028400 0.461800 0.0337 0.9963
  0 0.940000 -0.940000 11.387210 0.646900 -0.606800 0.461800 0.0337 0.9722
  0 3.720000 -3.720000 8.497209 0.622100 -0.662800 0.416700 0.2274 0.9694
mdl/furn_5.png
  0 5.260000 0.000000 8.497209 0.908600 -0.028800 0.416700 0.2274 0.9973
  0 1.330000 0.000000 11.387210 0.886500 0.028400 0.461800 0.0337 0.9963
  0 3.720000 -3.720000 8.497209 0.622100 -0.662800 0.416700 0.2274 0.9694
mdl/furn_5.png
  0 0.940000 0.940000 17.007210 0.796800 0.604300 0.000000 0.0033 0.9722
  0 1.330000 0.000000 17.007210 0.990600 -0.136800 0.000000 0.0033 0.9962
  0 1.330000 0.000000 11.387210 0.886500 0.028400 0.461800 0.0337 0.9963
mdl/furn_5.png
  0 0.940000 0.940000 11.387210 0.606500 0.647100 0.462000 0.0337 0.9722
  0 0.940000 0.940000 17.007210 0.796800 0.604300 0.000000 0.0033 0.9722
  0 1.330000 0.000000 11.387210 0.886500 0.028400 0.461800 0.0337 0.9963
mdl/furn_5.png
  0 0.000000 1.330000 17.007210 0.136700 0.990600 0.000300 0.0033 0.9141
  0 0.940000 0.940000 17.007210 0.796800 0.604300 0.000000 0.0033 0.9722
  0 0.940000 0.940000 11.387210 0.606500 0.647100 0.462000 0.0337 0.9722
mdl/furn_5.png
  0 0.000000 1.330000 11.387210 -0.027900 0.886500 0.461900 0.0337 0.9142
  0 0.000000 1.330000 17.007210 0.136700 0.990600 0.000300 0.0033 0.9141
  0 0.940000 0.940000 11.387210 0.606500 0.647100 0.462000 0.0337 0.9722
mdl/furn_5.png
  0 -0.940000 0.940000 17.007210 -0.603100 0.797600 0.000100 0.0033 0.856
  0 0.000000 1.330000 17.007210 0.136700 0.990600 0.000300 0.0033 0.9141
  0 0.000000 1.330000 11.387210 -0.027900 0.886500 0.461900 0.0337 0.9142
mdl/furn_5.png
  0 -0.940000 0.940000 11.387210 -0.646900 0.606800 0.461800 0.0337 0.8561
  0 -0.940000 0.940000 17.007210 -0.603100 0.797600 0.000100 0.0033 0.856
  0 0.000000 1.330000 11.387210 -0.027900 0.886500 0.461900 0.0337 0.9142
mdl/furn_5.png
  0 -1.330000 0.000000 17.007210 -0.990600 0.136800 0.000000 0.0033 0.832
  0 -0.940000 0.940000 17.007210 -0.603100 0.797600 0.000100 0.0033 0.856
  0 -0.940000 0.940000 11.387210 -0.646900 0.606800 0.461800 0.0337 0.8561
mdl/furn_5.png
  0 -1.330000 0.000000 11.387210 -0.886500 -0.028400 0.461800 0.0337 0.832
  0 -1.330000 0.000000 17.007210 -0.990600 0.136800 0.000000 0.0033 0.832
  0 -0.940000 0.940000 11.387210 -0.646900 0.606800 0.461800 0.0337 0.8561
mdl/furn_5.png
  0 -0.940000 -0.940000 17.007210 -0.797200 -0.603700 0.000000 0.0033 0.856
  0 -1.330000 0.000000 17.007210 -0.990600 0.136800 0.000000 0.0033 0.832
  0 -1.330000 0.000000 11.387210 -0.886500 -0.028400 0.461800 0.0337 0.832
mdl/furn_5.png
  0 -0.940000 -0.940000 11.387210 -0.606800 -0.646900 0.461800 0.0337 0.8561
  0 -0.940000 -0.940000 17.007210 -0.797200 -0.603700 0.000000 0.0033 0.856
  0 -1.330000 0.000000 11.387210 -0.886500 -0.028400 0.461800 0.0337 0.832
mdl/furn_5.png
  0 0.000000 -1.330000 17.007210 -0.136800 -0.990600 0.000000 0.0033 0.9141
  0 -0.940000 -0.940000 17.007210 -0.797200 -0.603700 0.000000 0.0033 0.856
  0 -0.940000 -0.940000 11.387210 -0.606800 -0.646900 0.461800 0.0337 0.8561
mdl/furn_5.png
  0 0.000000 -1.330000 11.387210 0.028400 -0.886500 0.461800 0.0337 0.9142
  0 0.000000 -1.330000 17.007210 -0.136800 -0.990600 0.000000 0.0033 0.9141
  0 -0.940000 -0.940000 11.387210 -0.606800 -0.646900 0.461800 0.0337 0.8561
mdl/furn_5.png
  0 0.940000 -0.940000 17.007210 0.603700 -0.797200 0.000000 0.0033 0.9722
  0 0.000000 -1.330000 17.007210 -0.136800 -0.990600 0.000000 0.0033 0.9141
  0 0.000000 -1.330000 11.387210 0.028400 -0.886500 0.461800 0.0337 0.9142
mdl/furn_5.png
  0 0.940000 -0.940000 11.387210 0.646900 -0.606800 0.461800 0.0337 0.9722
  0 0.940000 -0.940000 17.007210 0.603700 -0.797200 0.000000 0.0033 0.9722
  0 0.000000 -1.330000 11.387210 0.028400 -0.886500 0.461800 0.0337 0.9142
mdl/furn_5.png
  0 1.330000 0.000000 17.007210 0.990600 -0.136800 0.000000 0.0033 0.9962
  0 0.940000 -0.940000 17.007210 0.603700 -0.797200 0.000000 0.0033 0.9722
  0 0.940000 -0.940000 11.387210 0.646900 -0.606800 0.461800 0.0337 0.9722
mdl/furn_5.png
  0 1.330000 0.000000 11.387210 0.886500 0.028400 0.461800 0.0337 0.9963
  0 1.330000 0.000000 17.007210 0.990600 -0.136800 0.000000 0.0033 0.9962
  0 0.940000 -0.940000 11.387210 0.646900 -0.606800 0.461800 0.0337 0.9722
mdl/furn_5.png
  0 1.330000 0.000000 17.007210 0.000000 0.000000 1.000000 0.4701 0.8289
  0 0.940000 0.940000 17.007210 0.000000 0.000000 1.000000 0.4609 0.851
  0 0.000000 1.330000 17.007210 0.000000 0.000000 1.000000 0.4388 0.8601
mdl/furn_5.png
  0 -0.940000 0.940000 17.007210 0.000000 0.000000 1.000000 0.4167 0.851
  0 -1.330000 0.000000 17.007210 0.000000 0.000000 1.000000 0.4075 0.8289
  0 0.000000 1.330000 17.007210 0.000000 0.000000 1.000000 0.4388 0.8601
mdl/furn_5.png
  0 -1.330000 0.000000 17.007210 0.000000 0.000000 1.000000 0.4075 0.8289
  0 -0.940000 -0.940000 17.007210 0.000000 0.000000 1.000000 0.4167 0.8067
  0 0.000000 1.330000 17.007210 0.000000 0.000000 1.000000 0.4388 0.8601
mdl/furn_5.png
  0 -0.940000 -0.940000 17.007210 0.000000 0.000000 1.000000 0.4167 0.8067
  0 0.000000 -1.330000 17.007210 0.000000 0.000000 1.000000 0.4388 0.7975
  0 0.000000 1.330000 17.007210 0.000000 0.000000 1.000000 0.4388 0.8601
mdl/furn_5.png
  0 0.000000 -1.330000 17.007210 0.000000 0.000000 1.000000 0.4388 0.7975
  0 0.940000 -0.940000 17.007210 0.000000 0.000000 1.000000 0.4609 0.8067
  0 0.000000 1.330000 17.007210 0.000000 0.000000 1.000000 0.4388 0.8601
mdl/furn_5.png
  0 0.940000 -0.940000 17.007210 0.000000 0.000000 1.000000 0.4609 0.8067
  0 1.330000 0.000000 17.007210 0.000000 0.000000 1.000000 0.4701 0.8289
  0 0.000000 1.330000 17.007210 0.000000 0.000000 1.000000 0.4388 0.8601
end
