version 1
nodes
  0 "Bone01"  -1
  1 "Bone05"   0
  2 "Bone06"   1
  3 "Bone07"   2
end
skeleton
time 0
  0 0.000001 21.174900 0.060607 0.000000 0.000000 0.000000
  1 -0.000001 -15.970460 0.275821 0.000000 0.000000 0.000000
  2 -0.000001 -15.417180 -0.000001 0.000000 0.000000 0.000000
  3 -0.000001 -14.658760 0.275821 0.000000 0.000000 0.000000
end
triangles
mdl/grouper.png
  2 0.059999 -14.492740 6.946427 0.000000 1.000000 0.000000 0.7199 0.7597
  2 0.089999 -11.192740 14.166430 0.000000 1.000000 0.000000 0.6323 0.9588
  2 0.189999 1.207262 9.696426 1.000000 0.000000 0.000000 0.531 0.8749
mdl/grouper.png
  2 0.089999 -11.192740 14.166430 0.000000 1.000000 0.000000 0.7404 0.9196
  2 0.059999 -14.492740 6.946427 0.000000 1.000000 0.000000 0.7199 0.7597
  2 -0.010001 -19.282740 10.376430 1.000000 0.000000 0.000000 0.7846 0.8483
mdl/grouper.png
  2 0.059999 -14.492740 6.946427 0.000000 1.000000 0.000000 0.7199 0.7597
  2 0.189999 1.207262 9.696426 1.000000 0.000000 0.000000 0.5309 0.8759
  2 0.089999 -11.192740 14.166430 0.000000 1.000000 0.000000 0.6323 0.9588
mdl/grouper.png
  2 0.089999 -11.192740 14.166430 0.000000 1.000000 0.000000 0.7404 0.9196
  2 -0.010001 -19.282740 10.376430 1.000000 0.000000 0.000000 0.7846 0.8483
  2 0.059999 -14.492740 6.946427 0.000000 1.000000 0.000000 0.7199 0.7597
mdl/grouper.png
  2 0.959999 -24.742740 0.426427 1.000000 0.000000 0.000000 0.791 0.6574
  0 4.510001 5.094896 0.430607 0.998800 -0.048400 -0.006100 0.3671 0.6925
  0 -0.059999 5.094896 10.830610 0.616500 0.026800 0.786900 0.3664 0.9262
mdl/grouper.png
  2 0.959999 -24.742740 0.426427 1.000000 0.000000 0.000000 0.791 0.6574
  0 -0.059999 5.094896 10.830610 0.616500 0.026800 0.786900 0.3664 0.9262
  2 -0.060001 -24.742740 4.926427 -0.574300 -0.043400 0.817500 0.7911 0.7402
mdl/grouper.png
  2 -0.060001 -24.742740 4.926427 -0.574300 -0.043400 0.817500 0.7911 0.7402
  0 -0.059999 5.094896 10.830610 0.616500 0.026800 0.786900 0.3664 0.9262
  0 -4.639999 5.094896 0.430607 -0.999600 -0.026600 -0.003400 0.3671 0.6925
mdl/grouper.png
  2 -0.060001 -24.742740 4.926427 -0.574300 -0.043400 0.817500 0.7911 0.7402
  0 -4.639999 5.094896 0.430607 -0.999600 -0.026600 -0.003400 0.3671 0.6925
  2 -1.090001 -24.742740 0.426427 -0.999500 -0.031800 0.000000 0.791 0.6574
mdl/grouper.png
  2 -0.060001 -24.742740 -4.063573 -0.569100 -0.040100 -0.821300 0.7903 0.5422
  0 -4.639999 5.094896 0.430607 -0.999600 -0.026600 -0.003400 0.3671 0.6925
  0 -0.059999 5.094896 -9.639393 0.608500 -0.047900 -0.792100 0.367 0.3675
mdl/grouper.png
  2 -1.090001 -24.742740 0.426427 -0.999500 -0.031800 0.000000 0.791 0.6574
  0 -4.639999 5.094896 0.430607 -0.999600 -0.026600 -0.003400 0.3671 0.6925
  2 -0.060001 -24.742740 -4.063573 -0.569100 -0.040100 -0.821300 0.7903 0.5422
mdl/grouper.png
  2 0.959999 -24.742740 0.426427 1.000000 0.000000 0.000000 0.791 0.6574
  0 -0.059999 5.094896 -9.639393 0.608500 -0.047900 -0.792100 0.367 0.3675
  0 4.510001 5.094896 0.430607 0.998800 -0.048400 -0.006100 0.3671 0.6925
mdl/grouper.png
  2 -0.060001 -24.742740 -4.063573 -0.569100 -0.040100 -0.821300 0.7903 0.5422
  0 -0.059999 5.094896 -9.639393 0.608500 -0.047900 -0.792100 0.367 0.3675
  2 0.959999 -24.742740 0.426427 1.000000 0.000000 0.000000 0.791 0.6574
mdl/grouper.png
  0 -0.059999 5.094896 10.830610 0.616500 0.026800 0.786900 0.3664 0.9262
  0 4.160001 21.094900 -0.859393 0.986200 0.165500 -0.003400 0.1422 0.6125
  0 -0.059999 21.094900 6.260607 -0.335300 0.352000 0.873900 0.1373 0.7818
mdl/grouper.png
  0 4.510001 5.094896 0.430607 0.998800 -0.048400 -0.006100 0.3671 0.6925
  0 4.160001 21.094900 -0.859393 0.986200 0.165500 -0.003400 0.1422 0.6125
  0 -0.059999 5.094896 10.830610 0.616500 0.026800 0.786900 0.3664 0.9262
mdl/grouper.png
  0 -4.639999 5.094896 0.430607 -0.999600 -0.026600 -0.003400 0.3671 0.6925
  0 -0.059999 21.094900 6.260607 -0.335300 0.352000 0.873900 0.1373 0.7818
  0 -4.299999 21.094900 -0.859393 -0.980700 0.195600 -0.000800 0.1422 0.6125
mdl/grouper.png
  0 -0.059999 5.094896 10.830610 0.616500 0.026800 0.786900 0.3664 0.9262
  0 -0.059999 21.094900 6.260607 -0.335300 0.352000 0.873900 0.1373 0.7818
  0 -4.639999 5.094896 0.430607 -0.999600 -0.026600 -0.003400 0.3671 0.6925
mdl/grouper.png
  0 -4.639999 5.094896 0.430607 -0.999600 -0.026600 -0.003400 0.3671 0.6925
  0 -4.299999 21.094900 -0.859393 -0.980700 0.195600 -0.000800 0.1422 0.6125
  0 -0.059999 21.094900 -7.979393 -0.341100 0.259900 -0.903400 0.1509 0.4105
mdl/grouper.png
  0 -4.639999 5.094896 0.430607 -0.999600 -0.026600 -0.003400 0.3671 0.6925
  0 -0.059999 21.094900 -7.979393 -0.341100 0.259900 -0.903400 0.1509 0.4105
  0 -0.059999 5.094896 -9.639393 0.608500 -0.047900 -0.792100 0.367 0.3675
mdl/grouper.png
  0 -0.059999 5.094896 -9.639393 0.608500 -0.047900 -0.792100 0.367 0.3675
  0 -0.059999 21.094900 -7.979393 -0.341100 0.259900 -0.903400 0.1509 0.4105
  0 4.160001 21.094900 -0.859393 0.986200 0.165500 -0.003400 0.1422 0.6125
mdl/grouper.png
  0 -0.059999 5.094896 -9.639393 0.608500 -0.047900 -0.792100 0.367 0.3675
  0 4.160001 21.094900 -0.859393 0.986200 0.165500 -0.003400 0.1422 0.6125
  0 4.510001 5.094896 0.430607 0.998800 -0.048400 -0.006100 0.3671 0.6925
mdl/grouper.png
  0 4.160001 21.094900 -0.859393 0.986200 0.165500 -0.003400 0.1422 0.6125
  0 -0.059999 32.034900 -0.999393 0.001700 1.000000 -0.003000 0.0093 0.6078
  0 -0.059999 21.094900 6.260607 -0.335300 0.352000 0.873900 0.1373 0.7818
mdl/grouper.png
  0 -0.059999 21.094900 6.260607 -0.335300 0.352000 0.873900 0.1373 0.7818
  0 -0.059999 32.034900 -0.999393 0.001700 1.000000 -0.003000 0.0093 0.6078
  0 -4.299999 21.094900 -0.859393 -0.980700 0.195600 -0.000800 0.1422 0.6125
mdl/grouper.png
  0 -0.059999 21.094900 -7.979393 -0.341100 0.259900 -0.903400 0.1509 0.4105
  0 -4.299999 21.094900 -0.859393 -0.980700 0.195600 -0.000800 0.1422 0.6125
  0 -0.059999 32.034900 -0.999393 0.001700 1.000000 -0.003000 0.0093 0.6078
mdl/grouper.png
  0 -0.059999 21.094900 -7.979393 -0.341100 0.259900 -0.903400 0.1509 0.4105
  0 -0.059999 32.034900 -0.999393 0.001700 1.000000 -0.003000 0.0093 0.6078
  0 4.160001 21.094900 -0.859393 0.986200 0.165500 -0.003400 0.1422 0.6125
mdl/grouper.png
  2 0.959999 -24.742740 0.426427 1.000000 0.000000 0.000000 0.791 0.6574
  2 -0.060001 -24.742740 4.926427 -0.574300 -0.043400 0.817500 0.7911 0.7402
  3 -0.060002 -35.871500 9.192247 0.000000 0.081300 0.996700 0.9203 0.8548
mdl/grouper.png
  3 -0.060002 -35.871500 9.192247 0.000000 0.081300 0.996700 0.9203 0.8548
  3 -0.060002 -40.731500 0.432248 -0.000500 -1.000000 0.000000 0.9659 0.6281
  2 0.959999 -24.742740 0.426427 1.000000 0.000000 0.000000 0.791 0.6574
mdl/grouper.png
  3 -0.060002 -35.871500 9.192247 0.000000 0.081300 0.996700 0.9203 0.8548
  2 -1.090001 -24.742740 0.426427 -0.999500 -0.031800 0.000000 0.791 0.6574
  3 -0.060002 -40.731500 0.432248 -0.000500 -1.000000 0.000000 0.9659 0.6281
mdl/grouper.png
  2 -1.090001 -24.742740 0.426427 -0.999500 -0.031800 0.000000 0.791 0.6574
  3 -0.060002 -35.871500 9.192247 0.000000 0.081300 0.996700 0.9203 0.8548
  2 -0.060001 -24.742740 4.926427 -0.574300 -0.043400 0.817500 0.7911 0.7402
mdl/grouper.png
  2 -1.090001 -24.742740 0.426427 -0.999500 -0.031800 0.000000 0.791 0.6574
  2 -0.060001 -24.742740 -4.063573 -0.569100 -0.040100 -0.821300 0.7903 0.5422
  3 -0.060002 -35.871500 -8.337751 0.000000 0.081300 -0.996700 0.9203 0.4014
mdl/grouper.png
  3 -0.060002 -35.871500 -8.337751 0.000000 0.081300 -0.996700 0.9203 0.4014
  3 -0.060002 -40.731500 0.432248 -0.000500 -1.000000 0.000000 0.9659 0.6281
  2 -1.090001 -24.742740 0.426427 -0.999500 -0.031800 0.000000 0.791 0.6574
mdl/grouper.png
  3 -0.060002 -35.871500 -8.337751 0.000000 0.081300 -0.996700 0.9203 0.4014
  2 0.959999 -24.742740 0.426427 1.000000 0.000000 0.000000 0.791 0.6574
  3 -0.060002 -40.731500 0.432248 -0.000500 -1.000000 0.000000 0.9659 0.6281
mdl/grouper.png
  2 0.959999 -24.742740 0.426427 1.000000 0.000000 0.000000 0.791 0.6574
  3 -0.060002 -35.871500 -8.337751 0.000000 0.081300 -0.996700 0.9203 0.4014
  2 -0.060001 -24.742740 -4.063573 -0.569100 -0.040100 -0.821300 0.7903 0.5422
mdl/grouper.png
  0 -7.419999 -0.815104 0.640607 1.000000 0.000000 0.000000 0.1386 0.278
  0 -1.999999 10.964900 -4.079393 1.000000 0.000000 0.000000 0.0422 0.0928
  0 -5.309999 -2.045103 -6.789393 1.000000 0.000000 0.000000 0.1513 0.0345
mdl/grouper.png
  0 -5.309999 -2.045103 -6.789393 1.000000 0.000000 0.000000 0.1513 0.0345
  0 -1.999999 10.964900 -4.079393 1.000000 0.000000 0.000000 0.0422 0.0928
  0 -7.419999 -0.815104 0.640607 1.000000 0.000000 0.000000 0.1386 0.278
mdl/grouper.png
  0 7.250001 -0.815104 0.640607 1.000000 0.000000 0.000000 0.1386 0.278
  0 5.140001 -2.045103 -6.789393 1.000000 0.000000 0.000000 0.1513 0.0345
  0 1.820001 10.964900 -4.079393 1.000000 0.000000 0.000000 0.0422 0.0928
mdl/grouper.png
  0 5.140001 -2.045103 -6.789393 1.000000 0.000000 0.000000 0.1513 0.0345
  0 7.250001 -0.815104 0.640607 1.000000 0.000000 0.000000 0.1386 0.278
  0 1.820001 10.964900 -4.079393 1.000000 0.000000 0.000000 0.0422 0.0928
mdl/grouper.png
  2 0.059999 -21.432740 -5.663573 0.000000 -0.581200 -0.813700 0.7301 0.4547
  2 0.189999 -13.722740 -5.843573 1.000000 0.000000 0.000000 0.6254 0.4601
  2 0.209999 -7.392738 -6.443573 -0.996200 -0.015600 -0.085600 0.56 0.4097
mdl/grouper.png
  2 0.059999 -21.432740 -5.663573 0.000000 -0.581200 -0.813700 0.7301 0.4547
  2 0.209999 -7.392738 -6.443573 -0.996200 -0.015600 -0.085600 0.56 0.4097
  2 0.009999 -23.562740 -12.483570 0.000000 -1.000000 0.000000 0.7393 0.2803
mdl/grouper.png
  2 0.059999 -21.432740 -5.663573 0.000000 -0.581200 -0.813700 0.7301 0.4547
  2 0.009999 -23.562740 -12.483570 0.000000 -1.000000 0.000000 0.7775 0.3412
  2 -0.030001 -24.482740 -8.173573 1.000000 0.000000 0.000000 0.7697 0.4036
mdl/grouper.png
  2 0.059999 -21.432740 -5.663573 0.000000 -0.581200 -0.813700 0.7301 0.4547
  2 0.209999 -7.392738 -6.443573 -0.996200 -0.015600 -0.085600 0.56 0.4097
  2 0.189999 -13.722740 -5.843573 1.000000 0.000000 0.000000 0.6254 0.4601
mdl/grouper.png
  2 0.009999 -23.562740 -12.483570 0.000000 -1.000000 0.000000 0.7775 0.3412
  2 0.059999 -21.432740 -5.663573 0.000000 -0.581200 -0.813700 0.7301 0.4547
  2 -0.030001 -24.482740 -8.173573 1.000000 0.000000 0.000000 0.7697 0.4036
mdl/grouper.png
  2 0.009999 -23.562740 -12.483570 0.000000 -1.000000 0.000000 0.7393 0.2803
  2 0.209999 -7.392738 -6.443573 -0.996200 -0.015600 -0.085600 0.56 0.4097
  2 0.059999 -21.432740 -5.663573 0.000000 -0.581200 -0.813700 0.7301 0.4547
mdl/grouper.png
  0 1.270001 2.014896 -9.849393 0.001700 1.000000 -0.003000 0.3994 0.331
  0 2.330001 2.894896 -15.539390 0.001700 1.000000 -0.003000 0.3915 0.2027
  0 0.000001 7.614896 -8.289393 1.000000 0.000000 0.000000 0.3249 0.3564
mdl/grouper.png
  0 2.330001 2.894896 -15.539390 0.001700 1.000000 -0.003000 0.3915 0.2027
  0 1.270001 2.014896 -9.849393 0.001700 1.000000 -0.003000 0.3994 0.331
  0 2.680001 -0.035103 -13.879390 1.000000 0.000000 0.000000 0.4273 0.2228
mdl/grouper.png
  0 2.330001 2.894896 -15.539390 0.001700 1.000000 -0.003000 0.3915 0.2027
  0 1.270001 2.014896 -9.849393 0.001700 1.000000 -0.003000 0.3994 0.331
  0 0.000001 7.614896 -8.289393 1.000000 0.000000 0.000000 0.3249 0.3564
mdl/grouper.png
  0 2.330001 2.894896 -15.539390 0.001700 1.000000 -0.003000 0.3915 0.2027
  0 2.680001 -0.035103 -13.879390 1.000000 0.000000 0.000000 0.4273 0.2228
  0 1.270001 2.014896 -9.849393 0.001700 1.000000 -0.003000 0.3994 0.331
mdl/grouper.png
  0 -1.259999 2.014896 -9.849393 -0.999600 -0.026600 -0.003400 0.3994 0.331
  0 0.000001 7.614896 -8.289393 1.000000 0.000000 0.000000 0.3249 0.3564
  0 -2.329999 2.894896 -15.539390 -0.999600 -0.026600 -0.003400 0.3915 0.2027
mdl/grouper.png
  0 -2.329999 2.894896 -15.539390 -0.999600 -0.026600 -0.003400 0.3915 0.2027
  0 -2.679999 -0.035103 -13.879390 1.000000 0.000000 0.000000 0.4273 0.2228
  0 -1.259999 2.014896 -9.849393 -0.999600 -0.026600 -0.003400 0.3994 0.331
mdl/grouper.png
  0 -2.329999 2.894896 -15.539390 -0.999600 -0.026600 -0.003400 0.3915 0.2027
  0 0.000001 7.614896 -8.289393 1.000000 0.000000 0.000000 0.3249 0.3564
  0 -1.259999 2.014896 -9.849393 -0.999600 -0.026600 -0.003400 0.3994 0.331
mdl/grouper.png
  0 -2.329999 2.894896 -15.539390 -0.999600 -0.026600 -0.003400 0.3915 0.2027
  0 -1.259999 2.014896 -9.849393 -0.999600 -0.026600 -0.003400 0.3994 0.331
  0 -2.679999 -0.035103 -13.879390 1.000000 0.000000 0.000000 0.4273 0.2228
end
